0,1,2,3,4,5,6,7,8,9,10,11,12,13,14,15,16,17,18,19,20,21,22,23,24,25,26,27,28,29,30,31,32,33,34,35,36,37,38,39,40,41,42,43,44,45,46,47,48,49,50,51,52,53,54,55,56,57,58,59,60,61,62,63,64,65,66,67,68,69,70,71,72,73,74,75,76,77,78,79,80,81,82,83,84,85,86,87,88,89,90,91,92,93,94,95,96,97,98,99,100,101,102,103,104,105,106,107,108,109,110,111,112,113,114,115,116,117,118,119,120,121,122,123,124,125,126,127,128,129,130,131,132,133,134,135,136,137,138,139,140,141,142,143,144,145,146,147,148,149,150,151,152,153,154,155,156,157,158,159,160,161,162,163,164,165,166,167,168,169,170,171,172,173,174,175,176,177,178,179,180,181,182,183,184,185,186,187,188,189,190,191,192,193,194,195,196,197,198,199,200,201,202,203,204,205,206,207,208,209,210,211,212,213,214,215,216,217,218,219,220,221,222,223,224,225,226,227,228,229,230,231,232,233,234,235,236,237,238,239,240,241,242,243,244,245,246,247,248,249,250,251,252,253,254,255,256,257,258,259,260,261,262,263,264,265,266,267,268,269,270,271,272,273,274,275,276,277,278,279,280,281,282,283,284,285,286,287,288,289,290,291,292,293,294,295,296,297,298,299,300
12.965106,13.051325,10.994907,13.11241,13.069632,12.959981,12.907494,12.403654,10.639526,8.060083,4.709529,2.4430413,1.7972629,1.8964239,1.4100105,0.8071223,0.91905046,0.95921147,0.9386061,0.8496363,0.855887,0.8483063,0.7821318,0.7878353,0.79692936,0.89646775,1.0424529,0.8939144,0.8310121,0.7584065,1.8231354,4.2135525,5.508587,6.459216,7.276389,7.5565386,7.8040295,7.634686,8.389301,8.833029,8.1749325,7.731575,7.0752163,4.8914814,2.5407233,2.0339475,1.6331424,1.0388126,0.39510107,0.31110185,0.88218224,0.77143073,0.4935285,-0.33103126,-0.26930445,0.46394044,0.75821877,1.0733731,1.5151751,1.6169897,1.311147,0.7110723,-0.1555495,-1.0131232,-1.4458127,-1.7020528,-1.8021044,-1.8690848,-1.915187,-2.043406,-2.0557406,-1.7933613,-1.7793714,-1.6361287,-1.8268898,-0.6237435,-0.001488477,-0.28515694,-0.6181195,-0.7370224,-0.6613687,-0.31530184,0.11005446,0.44053823,0.7745037,1.1970701,2.0935297,2.7725468,3.7867026,4.712425,4.9529133,4.7980576,4.1664233,3.5616941,2.7382033,1.9729027,1.1458148,0.9222612,0.81132364,0.55578434,0.8228285,1.1938505,0.9489914,0.7083181,0.56536305,0.48603988,0.73571146,1.6001933,2.3736792,3.2040663,3.5546083,3.0585184,2.5451229,1.6057608,1.0826912,1.1062219,1.1753619,1.1690454,1.0796607,0.4675719,-0.39455593,-0.69572586,-0.7008748,-0.66591203,-0.56077266,-0.32295588,-0.07491219,0.3395251,1.308972,0.68057394,-0.18758956,-0.86203825,-1.0421153,-0.8006693,-0.40619278,-0.25745618,-0.21817197,-0.15945141,-0.13458243,-0.04194153,0.1600248,0.14647576,0.25588614,0.29132643,0.043486618,-0.49499983,-0.6104187,0.37314662,0.7565634,0.8556247,1.101928,1.4404606,1.2350755,0.5950009,0.17459247,0.37512478,0.90489113,1.0312033,1.0939204,1.013655,0.96026546,1.0697885,1.2662153,1.2442892,1.2846746,1.2803345,1.5284815,1.7752273,1.8868635,2.0451403,2.2735353,2.8729928,4.350127,6.9692965,8.171657,8.987467,9.087065,8.740122,8.445045,7.8641458,7.575233,7.237112,6.168851,5.594953,4.0951447,3.7051325,2.587616,1.641651,0.8531109,0.6558325,1.7553432,2.167831,1.3785999,0.68742305,0.56323445,0.69349664,1.037287,1.9683552,1.9176528,1.484177,1.3500577,1.2296315,0.8379648,0.88350576,1.0253803,1.2781084,1.0186738,0.43077758,0.036647916,0.0045657754,-0.09184441,-0.12169352,0.16419083,1.0136747,1.3501829,1.5542194,2.041707,2.4959798,3.1587522,3.7146192,4.1392765,4.5556016,4.141341,2.9453845,2.4826593,2.3416038,1.6138209,1.7222738,1.8786373,1.9902298,1.8446088,1.6804485,2.2094567,2.837905,3.2546496,3.0366201,2.6274056,2.7231715,2.9626987,3.224749,3.6493516,4.7454305,5.821757,6.799884,6.930537,5.8615885,4.4562573,3.4555702,2.2363672,2.203846,2.2662714,2.5044603,2.6494946,2.6197753,2.471829,2.2402194,2.1488717,1.9404187,1.7813656,1.6150532,1.434382,1.2524694,1.2296326,1.274281,1.3310399,1.382356,1.3660984,1.2833555,1.2584013,1.173617,1.443084,1.9002867,2.9023857,3.582754,3.7354207,3.452657,3.4793,3.8196392,3.9646184,4.0019636,4.4528136,5.515052,6.7788367,8.024758,8.518075,8.84252,9.420052,10.431418,10.794025,11.037027,11.376033,11.64823,11.789337,11.784452,11.820898,12.030617,10.994872,10.997389,10.995959,10.998239,10.994616
-2.9279308,-2.907585,-1.2770704,-2.8608222,-2.8010533,-2.8759398,-2.854691,-3.0543509,-3.125948,-3.2757673,-3.1123037,-2.6081274,-2.4333377,-2.3061714,-2.208475,-1.9696715,-1.96296,-1.9562196,-1.890553,-1.8403656,-1.8454285,-1.8834233,-1.9251564,-1.9523164,-1.9746907,-1.9404051,-1.8497229,-1.4716536,-1.2651515,-1.3482405,-2.301642,-2.2398918,-2.2741065,-2.2950494,-2.5029812,-2.903161,-2.9238603,-2.857971,-3.232182,-3.236885,-3.5088885,-3.4530663,-3.4896984,-3.5322237,-2.647932,-2.0481434,-1.5470108,-1.4956993,-1.3182611,-1.3094003,-0.62113726,-0.3336076,-0.12844428,0.5361314,0.45016348,0.04338321,-0.11612064,-0.22641784,-0.416365,-0.5546663,-0.5092697,-0.29266343,-0.247657,-0.32920104,-0.26672095,-0.53352904,-0.7613798,-0.7750399,-0.6949682,-0.6298153,-0.6175924,-0.68864596,-0.51193357,-0.4322349,-0.08417279,0.8830772,1.0121413,0.855384,0.37835804,0.8381201,1.3987895,3.2199006,5.4392304,7.119994,8.460517,9.833747,10.950918,11.11627,10.817482,10.3120365,9.454855,9.050885,8.754264,8.573149,8.210148,7.3553686,6.3295703,5.271776,4.386612,3.7372134,2.7599967,2.0309172,2.1445127,3.2489104,3.651008,3.621249,3.3913755,2.449105,1.8399165,1.4204811,0.86805224,0.43489432,0.34576896,0.23444578,0.2771412,0.29177374,0.0021111965,-0.3113094,-0.6770319,-1.0564125,-1.1315932,-1.2705559,-1.4554071,-1.4778725,-1.5147529,-1.6132882,-1.8896282,-2.1984975,-1.6134084,-1.5278122,-1.9330183,-2.1288095,-1.951756,-1.7515569,-1.6183318,-1.5899477,-1.6872098,-1.8807867,-1.8491416,-1.7665143,-1.619802,-1.5109229,-1.5035185,-1.466324,-1.3248832,-0.9123891,-0.47376895,-0.5955978,-0.6269351,-0.6645967,-0.9984921,-1.5021546,-1.9287784,-1.9083862,-1.737839,-1.8383166,-2.2722633,-2.5572772,-2.7868335,-2.8976684,-2.9427738,-2.969091,-2.967281,-2.9570012,-2.9494538,-2.9360209,-2.9724884,-2.9542232,-2.9893756,-3.069761,-3.1376858,-3.2652419,-3.3597047,-3.1649327,-3.259756,-3.565341,-3.4121647,-3.2503765,-3.1416554,-3.0153265,-2.7652888,-2.6566238,-2.7272575,-2.806168,-2.6665173,-2.5616283,-2.312556,-1.8955718,-1.2547573,-1.5573676,-1.2325139,-0.27314657,0.121403486,0.33834898,0.47723037,-0.08755314,-0.98173785,-1.3123466,-1.3658504,-1.5103004,-1.4834422,-1.3976413,-1.2477331,-1.3840269,-1.4929743,-1.491182,-1.473356,-1.3995456,-0.7801142,0.61741686,4.438224,7.62994,9.818017,11.101334,11.291868,11.356122,11.277829,11.064606,10.061985,8.01413,6.406209,4.6507277,2.8417811,-1.6949489,-2.4983745,-2.6454637,-2.600124,-2.5716994,-2.5422945,-2.5281231,-2.5064397,-2.4859247,-2.391769,-2.2620385,-2.271463,-2.295141,-2.4604588,-2.5200925,-2.524365,-2.417747,-2.3152957,-2.3213117,-1.950666,-1.6058227,-1.5552659,-1.7544582,-1.785074,-1.5396547,-1.2330747,-1.4554479,-1.6275247,-1.5275222,-1.260761,-1.0258127,-0.88238084,-0.9074727,-0.98963636,-1.043216,-1.1205966,-1.2106664,-1.3538098,-1.4570715,-1.5947711,-1.6843555,-1.7060462,-1.7104778,-1.6329036,-1.5018218,-1.3767817,-1.3794527,-1.5152538,-1.6218365,-1.7913308,-1.8788285,-1.7498901,-1.655859,-1.57503,-1.697974,-1.6734525,-1.5907388,-1.6768346,-1.8999152,-1.9709691,-2.1025233,-2.4114318,-2.6174543,-2.5829976,-2.5040932,-2.4975023,-2.5849996,-2.6311712,-2.7044783,-2.7085385,-2.7503505,-2.6445432,-2.6148095,-1.2767448,-1.2764194,-1.2767347,-1.2773223,-1.2767587
-0.53996956,-0.5506823,-0.12819749,-0.59502566,-0.5958456,-0.7480827,-0.75165033,-0.97744507,-1.4568226,-1.2712446,-1.0239197,-0.901155,-0.77285415,-0.98545444,-1.2594192,-1.4859567,-1.5841775,-1.6879044,-1.6814429,-1.6802814,-1.6953698,-1.6678753,-1.6537199,-1.710359,-1.7566421,-1.8910198,-2.0808067,-2.4066434,-2.4787095,-2.0629985,-1.3728375,-1.1912793,-1.5277618,-2.0759506,-2.4401624,-2.690613,-2.3966956,-2.5043793,-2.3865633,-2.4897835,-2.3779519,-2.379641,-2.3498826,-2.0818052,-1.9307115,-2.1486433,-2.3610125,-2.5900571,-2.2605827,-1.9105933,-2.233775,-2.4034553,-2.4012523,-2.09614,-2.1222463,-2.343884,-2.3996103,-2.3096008,-2.0563898,-1.9050798,-1.6701782,-1.8918506,-2.1701655,-1.662087,-1.6751688,-2.1401417,-2.3321278,-2.3966265,-2.4196038,-2.4445477,-2.5154295,-2.607117,-2.7528434,-2.7256007,-2.4823558,-2.4113896,-2.2736678,-2.2898157,-2.2064064,-1.6897503,-1.8415087,-2.0509884,-1.8413517,-1.6242051,-1.4374323,-1.3087348,-1.4921795,-1.7842417,-1.9488094,-2.1734576,-2.4514115,-2.4810848,-2.4949236,-2.496213,-2.5639932,-2.7233777,-2.859228,-2.984002,-3.0685298,-2.6167529,-2.2073224,-2.3611345,-2.6366174,-3.1086655,-3.479075,-3.4380975,-3.2383919,-2.9736469,-3.08113,-3.0083046,-2.795431,-2.6364002,-2.5728388,-2.3586473,-2.0882823,-1.846704,-1.6222302,-1.5659906,-1.7645472,-2.3311095,-2.4196808,-2.2350583,-2.32722,-2.4734528,-2.6368637,-2.9119291,-3.1033282,-3.1874769,-2.7849917,-2.7383442,-3.0925655,-3.2547896,-3.159181,-2.9044642,-2.577335,-2.5609703,-2.6459699,-2.7834544,-2.854323,-2.7685308,-2.6760356,-2.6525464,-2.7401962,-2.8699632,-3.0166738,-3.1454854,-2.6928296,-2.2024188,-2.3391316,-2.5317807,-2.5141804,-2.4295025,-2.4122636,-2.5699408,-2.3832872,-1.6277719,-0.92964274,-0.6596578,-0.5163072,-0.45684546,-0.40250188,-0.41121063,-0.4381436,-0.5055092,-0.50946033,-0.54863656,-0.5860903,-0.6138031,-0.6813157,-0.6864919,-0.79828817,-0.8540252,-0.6831182,-0.7690447,-1.0814896,-1.3810962,-1.6142143,-1.7213423,-1.8905023,-2.2950025,-2.6505108,-2.7420545,-2.8854568,-2.9755092,-3.0041375,-3.0918303,-3.1514914,-3.4147823,-3.3786812,-2.9320877,-2.023488,-1.7137138,-1.7743088,-1.9649329,-1.8791379,-1.8887224,-1.6022632,-1.0510755,-0.35099113,0.035422295,0.030016035,-0.10907625,-0.47555074,-0.6677173,-0.9138414,-1.1567526,-1.3358221,-1.4703957,-1.698781,-1.6724277,-1.565151,-1.4202255,-1.2087665,-1.18067,-1.6386647,-2.1652832,-2.4876742,-2.6769478,-2.3654463,-1.2631328,-0.8532715,-0.58690333,-0.50112015,-1.2697175,-1.6175711,-1.8437272,-2.0412796,-1.844109,-1.8710268,-1.8998544,-1.9413619,-2.0455337,-2.0616312,-1.9614401,-1.8397331,-1.7952057,-1.9252154,-2.1918712,-2.576768,-2.567844,-2.380078,-2.2783353,-2.2193801,-2.0137393,-1.689353,-1.2462971,-1.0847481,-1.0059108,-1.4232525,-1.7570152,-2.0811555,-2.5010223,-2.6787,-2.6706674,-2.520315,-2.3948221,-2.325644,-2.2838469,-2.2325525,-2.1491172,-2.1054413,-2.0401106,-1.9858432,-1.8933086,-1.8105874,-1.7224002,-1.6865199,-1.6975162,-1.6666558,-1.5389425,-1.4316359,-1.3998432,-1.3528321,-1.3857703,-1.5190502,-1.7212453,-1.6079956,-1.1203755,-0.844283,-1.001944,-0.86993456,-0.557606,-0.26044565,-0.18840319,-0.23027328,-0.27994108,-0.40392923,-0.7315393,-0.779264,-0.77953756,-0.7874937,-0.5834527,-0.5059537,-0.5489209,-0.4946518,-0.4110239,-0.12808111,-0.12786224,-0.12792006,-0.12806377,-0.1280452
-1.2070283,-1.2476209,-0.20550568,-1.2874925,-1.2923212,-1.2275647,-1.1725932,-1.2964845,-1.5197566,-1.5494611,-1.1590593,-0.43747747,-0.24241793,-0.37031356,-0.5044683,-0.8976066,-1.340682,-1.5951815,-1.6853571,-1.6586821,-1.6968052,-1.7237508,-1.7506814,-1.7717557,-1.7600963,-1.6836593,-1.4706359,-0.8597027,-0.3418764,-0.22080934,-1.0016303,-1.4493155,-1.5953944,-1.984193,-2.5136986,-2.8557353,-2.784575,-2.599841,-2.2308378,-1.8111264,-1.6739415,-1.4834948,-1.3231611,-1.0013394,0.6133864,1.2832694,1.5644693,1.4728055,1.0905867,-0.35094386,0.046022654,1.0518073,2.3029718,7.052134,9.539992,10.677353,11.065165,11.470487,11.875846,12.02495,12.314555,12.373451,11.809721,9.7237625,6.3754735,3.348829,1.1909661,0.46911588,0.28427893,0.13832776,-0.08355211,-0.3328125,-0.3893943,-0.0010890365,1.1616782,2.5642595,2.4694967,1.9841629,0.7720064,0.61426497,-0.3480541,-1.179044,-1.2893579,-1.18823,-0.99875516,-0.8269002,-0.5755054,-0.38111904,-0.5493156,-1.0590179,-1.4999233,-1.5375066,-1.4345005,-1.3435159,-1.2292548,-1.0720406,-0.82420105,-0.9760231,-1.159525,-0.85748535,-0.39785668,-0.0929855,0.25176582,-0.10071534,-0.9659908,-1.3096347,-1.4520298,-1.4708643,-1.6442986,-1.7932857,-1.7173827,-1.2634897,-1.0024285,-0.6886203,-0.15154678,0.23080403,0.3059792,0.29275778,0.22513372,0.103023976,-0.15436468,-0.3989865,-0.7053646,-0.87268806,-0.9347876,-0.9330903,-0.88025916,-0.96955794,-0.8633725,-0.8675697,-1.4009836,-1.737301,-1.9771171,-2.1200206,-2.0880036,-1.8950884,-1.75004,-1.5286496,-1.1988331,-0.7341886,-0.36980352,-0.17870453,-0.25867215,-0.43644378,-0.55827886,-0.41525525,0.22547391,0.34858668,0.3668381,0.078455836,-0.32685208,-1.371973,-2.123112,-2.1964931,-2.0069568,-1.5926734,-1.7955142,-1.8943418,-2.061974,-2.1424034,-2.1601171,-2.184518,-2.1740932,-2.1533911,-2.154031,-2.1341481,-2.1476831,-2.088578,-2.160637,-2.2550476,-2.365821,-2.5173728,-2.6138456,-2.230584,-1.8711559,-1.6726902,-1.5763615,-1.6579626,-1.7725958,-1.8958898,-1.828863,-1.7957656,-2.0379138,-2.2372766,-2.3700583,-2.3277194,-2.144828,-1.7958007,-0.8988989,-0.19618317,0.92643607,1.4488889,1.7142572,1.9428453,2.1392932,1.6613061,0.6510849,0.055179395,-0.17364216,-0.32677466,-0.5707316,-0.6300286,-0.13955975,0.3383955,0.16033435,0.0020369291,-0.13107365,-0.2924141,-0.5382534,-0.81687576,-0.6601575,-0.47593135,-0.4911166,-0.3844821,-0.34367275,-0.3843087,-0.6323501,-0.8641444,-1.0041473,-0.7747413,-0.633258,-0.8549181,-1.0499926,-1.648205,-1.8717521,-1.9189053,-1.7878227,-1.6903063,-1.6093526,-1.4876125,-1.3256731,-1.2799947,-1.2065454,-0.9775001,-0.71439946,-0.31275806,-0.44412512,-1.3057904,-1.5702784,-1.1240802,-0.6672481,-1.1373289,-1.2250735,-0.90106326,-0.8554454,-0.97019595,-1.0275612,-0.8244269,-0.17517373,0.29668105,0.71936506,0.6161723,0.19026366,-0.036656044,-0.18714759,-0.4015759,-0.52740955,-0.6576977,-0.70561814,-0.74913526,-0.9127855,-1.1679975,-1.4533682,-1.6838524,-1.8361187,-2.0168092,-2.1268125,-2.1857748,-2.274181,-2.383606,-2.3377218,-2.2551138,-2.0942152,-1.7923303,-1.3421942,-0.8612791,-0.5954,-0.6465637,-0.5300293,-0.4000905,-0.47815034,-0.6294839,-0.7539916,-0.8992335,-1.1253371,-1.2126732,-1.3340597,-1.7051895,-1.791291,-1.8590841,-1.8105613,-1.8050036,-1.8323051,-1.7649512,-1.5777025,-1.3923694,-0.20543092,-0.20403332,-0.20478803,-0.20426197,-0.20558704
4.2984924,4.241437,1.4284471,4.190726,4.2628803,4.5170116,4.5749946,5.376067,7.4780817,8.811521,9.925866,10.295126,10.282082,10.433438,10.817736,11.483528,11.620227,11.603174,11.624548,11.639121,11.626943,11.622609,11.629609,11.546516,11.453791,11.324119,11.120711,10.661638,9.727111,9.160172,6.5344157,2.3440783,1.26656,0.8560213,0.8642179,0.93244636,0.53706783,0.78976,-1.3986347,-2.4996693,-2.7221315,-2.6710782,-2.5150034,-2.1063392,-1.7358003,-1.2289202,-0.9976367,-0.80960965,-1.1285003,-1.0331037,-0.39248186,-0.10748762,-0.12203021,-0.70087886,-1.1205753,-1.0068866,-0.9122029,-0.89581233,-0.8377279,-0.82721347,-1.0272411,-0.9662568,-0.790386,0.3411957,1.9254081,2.7729697,3.1350398,3.2152739,3.1600955,3.1454782,3.1544275,3.2258487,3.2158618,2.5361948,0.86108303,-0.86042583,-0.6932355,-0.53955066,-0.45183843,-1.3695883,-1.6950269,-1.4910582,-1.3963575,-1.5139855,-1.6980742,-2.0491471,-2.2153761,-1.8627043,-1.4700962,-0.94097453,-0.42029962,-0.38767785,-0.6771662,-0.7010645,-0.57361925,-0.18632701,0.01631578,0.23326638,0.21695429,-0.5321274,-0.9754938,-0.9188298,-1.1094117,-1.1871022,-0.8803586,-0.5298199,-0.49144232,-0.3531165,-0.29607776,-0.3441311,-0.34254745,-0.17792779,-0.32665622,-0.7685155,-1.2138411,-1.2928258,-1.3346165,-1.2621958,-1.0824447,-0.8022538,-0.31245393,0.108292595,0.5782252,0.93129116,1.1986561,1.3712335,1.0993719,0.0022795228,-1.0456412,-1.1873872,-0.95107067,-0.7182058,-0.7213768,-1.0631781,-1.2093251,-1.0860245,-0.99356437,-0.8844353,-0.5278214,-0.01472361,0.44181514,0.6706289,0.7148142,0.57541114,0.35139084,0.2567004,-0.22836441,-0.87104666,-0.6870024,-0.3456012,-0.23990065,0.28473574,0.6351546,0.50660837,-0.08004585,-1.4893261,-2.0721626,-2.0605838,-1.8981478,-1.7006252,-1.607465,-1.549826,-1.4501216,-1.4280202,-1.3223374,-1.2525072,-1.2568916,-1.2207477,-1.0142425,-0.88907695,-0.54429257,0.019687913,1.7319424,5.034792,6.4666853,7.3353014,7.472614,7.2718563,7.0937443,6.9786806,6.6762285,6.702003,7.144944,7.383998,7.876792,8.000076,8.111225,8.128462,7.615597,4.9389615,-0.8311627,-1.3159158,-0.33580595,-0.29646224,-0.7425083,-1.4117,-1.7427659,-1.5952266,-1.2730589,-1.1031961,-1.1481807,-1.2549074,-1.521109,-1.6356637,-1.5438219,-1.3045146,-0.6182004,0.4694103,1.1635292,1.3676598,0.8519659,-0.02459,-1.2211176,-2.0536306,-2.1605268,-2.0049202,-1.8789257,-1.6919353,-1.5489738,-1.8827648,-2.0221434,-2.099629,-2.0813942,-0.9609916,-0.5882331,-0.44070363,-0.3648072,-0.4673651,-0.609161,-0.7497725,-0.77505904,-0.5457209,-0.61380166,-0.7647573,-0.7479572,-0.67063296,-0.1987218,0.8409463,1.3026341,1.0010735,0.07378423,-0.71638346,-1.0829757,-1.255028,-1.508584,-1.7440376,-1.9719512,-2.3177795,-2.487105,-2.3442078,-2.2073138,-1.8391595,-1.5027972,-1.471268,-1.530975,-1.5163913,-1.4986935,-1.3684216,-1.2738942,-1.2121897,-1.0797583,-0.97769773,-0.9067036,-0.8460444,-0.8080413,-0.7531601,-0.66729504,-0.6345532,-0.71299654,-0.9562137,-1.3012506,-1.3457392,-1.555962,-1.7091256,-1.8477455,-1.7758787,-1.6747136,-1.6390587,-1.6733096,-1.8637757,-1.7481709,-1.609056,-1.4206352,-1.033523,-0.7944504,-0.77133864,-0.8925084,-0.67581594,-0.48554736,-0.31252307,-0.097414434,-0.030856967,-0.00050488114,0.05681227,-0.032703802,-0.024644896,1.427657,1.4303098,1.4284551,1.4316761,1.4271346
-2.8479261,-2.8429694,-2.9278824,-2.8360236,-2.9445243,-2.8936787,-3.0049124,-3.0468192,-3.17839,-3.3009362,-3.5109634,-3.5835266,-3.451548,-3.5434017,-3.2989566,-2.6141882,-2.028896,-1.6904936,-1.5045687,-1.4022098,-1.310981,-1.23386,-1.1171138,-0.93453395,-0.7501591,-0.44808325,-0.0075814724,0.63821065,0.78851265,0.4492731,-1.1780045,-2.3251853,-2.3963387,-2.234496,-1.4534225,-0.73159593,0.084594876,0.88281536,2.6499996,4.0267735,5.8223276,6.441806,7.0542064,8.689013,10.748562,11.2417145,11.337899,10.793683,9.309355,4.549884,0.26737565,-0.22033674,-0.35722858,-0.5423069,-0.31138986,-0.2914038,-0.33160666,-0.47448033,-0.57301235,-0.56580365,-0.50722337,-0.18535131,-1.1253325,-1.2687497,-0.94061685,-0.7095816,-0.77313757,-0.9703866,-1.1450956,-1.2567743,-1.3184044,-1.208144,-1.0354071,-1.0909436,-1.001487,-0.59745467,-0.59413654,-1.0085355,-1.9856005,-2.2379966,-1.8341608,-1.3644594,-1.2947245,-1.2941151,-1.2417583,-1.1580883,-1.0351577,-0.9816884,-1.2527831,-1.5277703,-1.8250003,-1.7844274,-1.6405113,-1.5954199,-1.5914721,-1.5944355,-1.5544798,-1.6270736,-1.5491681,-1.4091421,-1.2978534,-1.3882084,-1.0627184,-0.64484966,-0.35715753,-0.33898866,-0.6630862,-1.3593812,-1.5163424,-1.7367707,-1.3501618,-0.16592912,1.2291311,5.470703,9.318803,10.52183,11.383497,11.765305,11.893,11.490134,10.025802,8.442947,6.1734343,4.3687954,3.1439583,1.851902,0.48905966,0.121144995,-0.24500148,-0.3264198,-0.5014441,-0.70824224,-1.0154357,-0.79333675,-0.7885183,-0.9624213,-1.0735333,-1.1172864,-1.0784361,-1.0927907,-1.0441101,-0.935471,-0.9077836,-0.9047067,-0.7732282,-0.6611527,-0.73080564,-1.0667119,-1.1617281,-1.2705694,-1.3608658,-1.4863743,-1.4562933,-1.7555144,-1.9242039,-2.288663,-2.68467,-2.6344075,-2.5134263,-2.4036274,-2.3289497,-2.2907739,-2.2945726,-2.287291,-2.2320237,-2.2000363,-2.261489,-2.3131707,-2.3385882,-2.3829558,-2.4393475,-2.5667524,-2.8181348,-3.1423035,-2.8489494,-3.1018438,-3.5015893,-3.8304255,-3.8691342,-3.718512,-3.7561975,-3.7010586,-3.5319858,-3.4583793,-3.3145123,-3.329454,-3.13656,-2.5484557,-1.955915,-1.6329606,-1.1250508,-1.3424435,-1.1048682,-0.43620425,0.097456425,0.26338604,-0.011852369,-0.08983658,0.3617514,1.5440311,3.6151192,5.2594967,9.243322,11.6499195,11.792885,11.240701,9.949224,7.8779545,4.335212,1.3330295,-0.83873737,-1.6370581,-1.5004772,-1.0519141,-0.8787052,-0.6436993,-0.61265117,-0.8000845,-1.1595784,-1.9810864,-2.25988,-2.773168,-3.327207,-3.2584991,-2.9019973,-2.7646372,-1.875508,-1.1276207,-0.6883525,-0.45988086,-0.3238156,-0.22446427,-0.13323432,-0.20044613,-0.67871684,-1.3381095,-1.7589338,-1.6462357,-1.3970002,-1.5260211,-1.3043194,-0.7563706,-1.0495431,-1.7023603,-1.4875793,-0.921292,-0.28237987,0.8168951,1.0628792,0.46529445,0.28179765,0.71614206,1.1672466,1.3815178,1.3620676,1.1761315,1.0191833,0.79437,0.6721945,0.6065122,0.71375453,0.77478844,0.7297588,0.54854095,0.3449661,0.11701994,-0.10777625,-0.3288963,-0.55931264,-0.63141793,-0.69044065,-0.8601066,-1.0756718,-1.2058625,-1.3244194,-1.311846,-0.99743336,-0.5287261,-0.5175603,-0.51757157,-0.46107516,-0.53729194,-0.7531023,-0.9207543,-0.9120898,-1.0267724,-1.1777924,-1.941219,-2.3414207,-2.4739828,-2.80412,-3.035232,-3.2276764,-3.137576,-3.1429112,-3.2764177,-2.9286184,-2.9333344,-2.9302175,-2.932218,-2.9279628
-2.7044506,-2.6714447,-1.8945657,-2.7442067,-2.7978992,-2.8608112,-2.9438128,-3.0287306,-3.0749156,-3.1642528,-3.1110551,-2.8522892,-2.708502,-2.6300178,-2.548174,-2.0790985,-1.8307087,-1.6749597,-1.6345625,-1.6216116,-1.6159256,-1.6268797,-1.6351647,-1.5770965,-1.5398976,-1.4458092,-1.3760948,-1.297581,-1.4603605,-1.724525,-1.9386759,-2.3324332,-2.483466,-2.722219,-3.040499,-3.0021846,-3.0756721,-2.9931943,-2.6960878,-2.4851794,-2.5029063,-2.4513793,-2.497252,-2.5083933,-1.4392858,-0.69128454,-0.043602407,0.09841743,-0.225501,-0.9745765,-1.3868136,-1.5193671,-1.700122,-1.6404874,-1.3200125,-1.3634653,-1.2159743,-1.0508227,-1.0599303,-1.0411589,-0.8854305,-0.54077774,-0.2097956,-0.14337167,-0.29001722,-0.37984067,-0.486716,-0.61495304,-0.7173141,-0.804618,-0.8711084,-0.95618016,-1.0956945,-1.8392348,-1.973635,-1.0124295,-0.20905218,0.08299209,0.22492404,0.10659446,0.35568547,0.45853227,0.19856814,-0.105489284,-0.43558493,-0.8028825,-0.8916983,-0.9854621,-1.2507683,-1.5869032,-1.9802302,-1.939263,-1.6495084,-1.4643793,-1.106988,-0.74978936,-0.2882818,-0.04408914,0.13168836,0.16042235,0.12417011,0.22950673,0.91342205,1.1507109,0.7289186,0.4703477,0.25927362,-0.06739376,-0.10477004,-0.5377108,-1.1161368,-1.481043,-1.2718174,-0.8327303,-0.28485516,-0.097667724,0.27389836,0.40064514,0.45209956,0.16911525,-0.2840265,-0.7643334,-1.0453013,-1.033234,-0.9065934,-0.8389496,-0.9290627,-0.7988986,-1.2691044,-1.6237979,-1.4853886,-1.0098472,-0.54279816,-0.38696635,-0.5558146,-0.92947066,-1.1876014,-1.3871512,-1.4091262,-1.5206583,-1.525149,-1.3925153,-1.2609653,-1.1073436,-1.0081118,-0.947787,-0.83432525,-0.47238135,-0.20362613,-0.19733271,-0.52833605,-1.2498754,-1.8317353,-1.9899621,-2.1523428,-2.5739672,-2.8135047,-2.667793,-2.5481005,-2.3221564,-2.2371292,-2.23951,-2.307661,-2.3004267,-2.2974322,-2.2665749,-2.3850987,-2.470573,-2.544552,-2.6266541,-2.734935,-2.9527025,-3.4284406,-3.8911672,-3.7689548,-3.5454223,-3.1485481,-2.8735466,-2.6777053,-2.424866,-2.2326546,-2.1490264,-1.8733532,-1.8752515,-1.5580583,-1.4958397,-1.2681513,-0.93644524,-0.57832325,-0.16860433,0.19675706,-0.3068679,-0.83724403,-1.0019768,-1.1032376,-0.77743566,-0.44209728,-1.1606132,-1.7757004,-1.958917,-2.0664926,-2.0983028,-1.8283604,-1.15884,-0.2490932,0.04091619,0.07400486,0.2848498,0.48285308,0.2048381,-0.32443717,-0.6222687,-0.83688563,-1.1965879,-1.0665872,-0.88198394,-1.0179981,-1.3423421,-2.0833242,-2.2600217,-1.9555042,-1.7873434,-1.5572706,0.20246185,1.2925746,2.6392605,5.958727,7.637128,8.363998,9.124745,9.737083,10.371385,10.602848,10.586868,10.3743515,9.915131,8.852557,6.783872,4.634103,2.8335395,0.7477124,-0.69571525,-1.1908603,-1.797816,-2.2942667,-2.5357182,-2.2142024,-1.4136391,-0.6812053,-0.45589817,-0.0633287,0.4479224,0.7728997,0.8652868,0.921569,0.9262149,0.9316114,0.9858829,1.0389237,1.1426741,1.2657764,1.3115263,1.2417829,1.1003902,0.90811765,0.7080571,0.5622926,0.5071777,0.407689,0.19064216,-0.1828139,-0.37827003,-0.9586853,-1.379464,-1.4706272,-1.302107,-1.3960347,-1.8609357,-2.1437945,-2.1924255,-2.2459676,-2.5406704,-2.912287,-3.1988192,-3.2718642,-3.4075303,-3.3943324,-2.993237,-2.7197373,-2.5334291,-2.370623,-2.323546,-2.293327,-2.298884,-2.2066636,-2.165039,-1.8942871,-1.8928797,-1.8935003,-1.8927612,-1.8943805
-0.5689904,-0.76638156,-0.1794784,-0.98908496,-1.0001237,-0.93528867,-0.8557085,-0.85813653,-1.1141874,-2.1021523,-2.353971,-2.2621636,-2.394938,-2.1094904,-1.3157468,-0.81357735,-0.85046166,-0.7169763,-0.5033159,-0.32987535,-0.19031328,-0.103856355,0.015046477,0.14023772,0.33201867,0.71075064,1.5799692,3.2926128,4.6108875,4.3484073,3.3052323,2.9343529,2.488414,1.9898783,1.270042,0.540916,0.35947397,0.5123207,-0.7008684,-1.352039,-1.778821,-1.6116309,-1.4149125,-1.0690461,-0.2192613,-0.05041579,-0.029517122,-0.16846082,-0.028240316,0.16211754,0.7173829,1.2630537,1.7581646,2.385382,1.9758952,1.151986,0.92429173,0.8313367,0.5024214,0.2834085,0.33537787,0.44138712,0.897414,1.2258664,1.3201536,1.3201205,1.3347719,1.4438621,1.6365341,1.8548088,2.1286204,2.4871125,3.697947,6.304409,9.170465,11.761973,12.21484,11.83139,10.146117,7.8837967,4.3207774,1.4281687,0.32333454,0.15894309,0.40511638,0.9859084,2.177732,2.9993382,2.8375723,2.2735777,1.461226,1.1577363,0.90123695,0.7660697,0.69220686,0.80140793,1.0763,1.4690044,2.9370556,6.449244,8.36263,8.996293,9.8528,10.628452,10.757318,10.580849,10.400045,9.689438,8.470867,6.308341,3.4837272,1.3179171,0.91429687,0.6252079,0.24664395,0.10997453,-0.13792963,0.02834136,0.17143361,0.3857286,0.344518,0.30632025,0.46022743,0.64435124,0.8744814,1.3407257,1.7766469,1.6033723,1.5170519,1.7158295,1.337609,0.7846208,0.47276932,0.6776484,0.8483627,1.1325692,1.1838244,1.0334092,0.9199227,0.84442216,0.89923745,0.95434225,1.127402,1.5655829,2.6260865,5.004727,8.336213,10.097097,10.964551,11.274917,11.01493,10.226132,9.688959,9.439976,8.741508,6.2902594,2.8304718,1.0617423,0.04624879,-0.74528813,-1.0619504,-1.2207822,-1.2136674,-1.1592466,-1.254667,-1.3000259,-1.2664807,-1.1865977,-1.0833269,-1.201197,-1.0634214,-0.96828043,-0.8998765,-0.76842314,-0.8294207,-0.5097421,-0.24616957,-0.2689232,-0.21915536,0.058876067,0.47322714,0.71285737,1.1065371,1.2033107,1.7841337,2.293901,3.3482366,4.9747605,7.175142,8.791855,10.522828,10.458604,9.424838,8.33824,7.4427433,4.8152523,1.5711062,-0.3323487,-1.5037183,-1.89542,-1.8075653,-1.4934367,-0.8650954,-0.6375668,-0.8130689,-0.9315427,-1.2400346,-1.409368,-1.2670423,-0.9516359,-0.081384584,0.6337181,1.1629734,1.8843293,2.3042893,2.507894,2.4730039,2.3750794,1.9200081,1.1554464,0.8205417,0.30313617,-0.1428431,-0.7010158,-0.97961193,-0.972019,-0.44546124,-0.56856626,-0.74613017,-0.9133955,-0.9839537,-1.0929642,-1.2134662,-1.2295082,-1.0498598,-0.7641667,-0.95271903,-1.3274741,-0.89228237,-0.19821525,0.033043712,-0.6993066,-1.1620784,-1.1077802,-1.2615467,-1.6432698,-1.8617877,-1.7892172,-1.2500094,-0.8590742,-0.47774237,0.027839512,0.50253785,0.83337325,1.0852381,1.1978025,1.2553916,1.2535824,1.1684533,1.1348845,1.0407573,1.0045666,0.9864074,1.0235281,1.1545665,1.2881689,1.4624588,1.6599183,1.8356353,1.8919585,2.0977867,2.1345172,2.0334265,1.8561662,1.7475929,1.6157441,1.6821358,1.5201573,1.4964659,1.6777725,1.4511011,1.0113537,0.4674943,-0.04830745,-0.5659436,-0.7191591,-0.70872235,-0.83779955,-0.82144076,-0.67849314,-0.51730776,-0.6363063,-0.6934934,-0.6276722,-0.5705881,-0.57222617,-0.17923647,-0.17665541,-0.17830324,-0.17723823,-0.17958757
-1.3554728,-1.2620692,-1.9248447,-1.1765996,-1.1203365,-1.1084076,-1.0921371,-1.0479541,-1.142647,-1.6528709,-1.919487,-1.9539154,-2.0169542,-2.0606415,-2.1684303,-1.8030362,-1.5280226,-1.3083724,-1.2411242,-1.2589083,-1.2604368,-1.3043429,-1.3687358,-1.3283197,-1.3191702,-1.2563691,-1.1438608,-0.8639462,-0.6623087,-0.71177274,-0.745122,-1.429605,-1.454796,-1.4995338,-1.1452206,-0.7314367,-0.753436,-0.59893227,-0.62029314,-0.82583886,-0.657132,-0.6598343,-0.66511965,-0.5478339,-0.15093908,0.49871498,2.011177,4.9786754,8.61041,11.655165,11.983809,11.91453,11.7166815,10.698374,9.108188,7.658045,6.803154,5.74176,4.3358297,3.534833,2.0055404,1.6195021,2.2325294,2.7251036,3.4757376,4.096652,4.202329,4.302083,4.3273106,4.3992963,4.5851526,4.787138,4.6805353,4.6543036,3.3355746,2.0974977,0.62866974,0.24856119,0.21470615,0.2667369,0.9665146,1.1143526,0.4812005,-0.06757188,-0.53706324,-0.75017697,-0.70294225,-0.82488793,-0.933445,-1.0120989,-0.92634475,-0.9086446,-0.9074184,-0.8888471,-0.73097146,-0.5767683,-0.3317129,-0.2211954,-0.30807862,-0.636864,-0.6083907,-0.618439,-0.46204895,0.21698163,0.73760056,0.882394,0.76775986,0.41313478,0.46742743,0.5946486,0.54899484,0.20151863,0.07850799,0.05329232,0.04349813,0.027729541,0.11062962,0.09322715,0.69173586,3.9873421,7.4946804,8.83011,9.692776,9.980247,10.013227,9.785661,9.163666,7.759222,5.125538,4.946257,6.7372174,8.911827,10.266016,10.886168,11.075817,10.830354,10.781809,10.911604,11.022173,10.696064,9.912907,8.792235,7.5622725,6.339834,4.8184376,2.7471583,0.7386081,-0.26754725,-0.19529913,0.06717928,0.057092123,-0.14773926,-0.5322945,-0.62701726,-0.6704942,-0.9416793,-1.68909,-1.8242435,-1.787899,-1.66417,-1.6354426,-1.6265188,-1.6032654,-1.5818425,-1.5496297,-1.4972088,-1.5079447,-1.5420412,-1.485883,-1.4444091,-1.3598094,-1.2648131,-1.2738904,-1.7123835,-2.0746772,-2.2257853,-2.3029358,-2.197341,-2.0632124,-1.7668276,-1.5005941,-1.4042842,-1.2092017,-1.1062406,-1.1273375,-1.0829837,-1.0177689,-0.75595,-0.5530064,-0.4412585,-0.2922482,-0.11906561,0.12808102,0.3825524,0.24081755,-0.27995098,-0.76274467,-0.96033835,-1.0592587,-1.2968811,-1.367595,-1.4090998,-1.3679451,-1.5457778,-1.4593536,-1.2372983,-0.53152144,0.45808887,1.2963746,1.3321654,0.740219,0.0507811,-0.40691975,-0.71135473,-0.8419895,-0.7668831,-0.8401216,-0.9031501,-1.3768221,-1.827022,-2.0051026,-2.3690777,-2.2557423,-1.8694103,-1.5152185,-1.2435614,-0.7646313,-0.7947042,-0.7205657,-0.61190754,-0.59833014,-0.69394547,-0.6791046,-0.60231304,-0.6488911,-0.80906993,-0.9177036,-0.54591817,-0.43018344,-0.6312224,-1.1040041,-1.4669788,-1.3248667,-1.1440655,-0.93383694,-0.74644196,-0.58714753,-0.4259985,0.30251178,0.4012126,0.14423868,-0.1130885,-0.27992886,-0.3620823,-0.57484436,-0.5783895,-0.55465895,-0.5771779,-0.70011544,-0.9057784,-1.1156752,-1.1979178,-1.1770861,-1.1194874,-0.9827784,-0.8493333,-0.69327044,-0.547657,-0.51056373,-0.4456922,-0.46977723,-0.56533074,-0.70742124,-0.839934,-0.8065774,-0.9411807,-0.950618,-1.0735431,-1.0713202,-0.8780112,-0.7747313,-0.9950493,-1.2977314,-1.54919,-1.6116048,-1.5074415,-1.4833575,-1.3588372,-1.3109978,-1.3195133,-1.3281782,-1.4839159,-1.4314637,-1.4995711,-1.4989405,-1.5286174,-1.924979,-1.9254923,-1.925168,-1.9252288,-1.9248631
-2.1530476,-2.1014476,-2.3985229,-2.156516,-2.1758811,-2.3104572,-2.4311693,-2.5282161,-1.9075963,-1.1206542,-0.6575656,-0.53803706,-0.4216339,-0.48336172,-0.8298155,-0.7561965,-0.8132271,-0.9074698,-0.94337624,-0.9046143,-0.88980466,-0.8670041,-0.81409645,-0.8259865,-0.8348053,-0.8833612,-0.98465055,-0.9288596,-0.91145766,-1.0811241,-2.405046,-3.2908046,-3.0002286,-2.5019732,-2.0433507,-1.9240468,-1.9549348,-1.6414995,-2.6646376,-3.0800033,-2.9022765,-2.83885,-2.869547,-3.0940657,-2.719733,-2.259179,-2.2419674,-2.3972871,-2.4867256,-2.8158288,-3.3731093,-3.41606,-3.521366,-3.637533,-3.860825,-3.9685125,-3.7901917,-3.746693,-3.5666335,-3.366415,-2.8769515,-2.4708648,-2.9253252,-2.5883799,-1.7283394,-1.1935928,-0.8972856,-0.8288964,-0.8266233,-0.87629306,-1.0128033,-1.1624589,-1.0219194,-1.2229028,-1.6634079,-2.3487358,-1.9842999,-1.9282556,-1.9010282,-2.684836,-3.2510972,-2.9969149,-2.7129674,-2.471322,-2.304894,-2.2200904,-1.8957644,-1.5325363,-1.6540074,-1.8308877,-2.2795472,-2.4419262,-2.5338528,-2.5270193,-2.4676147,-2.349184,-2.3301616,-2.328203,-2.292,-2.7352946,-3.1272907,-3.175458,-2.8440218,-2.384703,-2.470692,-2.600703,-2.508203,-2.1381378,-2.1289275,-2.4945617,-2.6677606,-2.4108684,-2.069797,-1.5758747,-1.1163865,-1.1434168,-1.3456223,-1.5317147,-1.7772307,-2.1554372,-2.1691236,-2.0499644,-1.9947327,-2.0300424,-2.0208924,-2.0000753,-1.977987,-2.4795861,-2.679359,-2.3317533,-1.773406,-1.2934254,-1.0418497,-1.2015567,-1.5258161,-1.6653981,-1.8395525,-2.3038263,-2.8875039,-3.3556094,-3.4993873,-3.4818916,-3.428879,-3.344913,-2.981386,-2.0675516,-1.5288888,-2.2189083,-2.3787806,-2.351781,-2.3535743,-2.5994015,-2.6241198,-2.3397083,-2.1137235,-2.5625143,-2.629598,-2.605106,-2.485659,-2.2216785,-2.02388,-1.9081732,-1.8369207,-1.7859597,-1.6600559,-1.606246,-1.7155066,-1.7845436,-1.6677895,-1.5920888,-1.6379204,-1.8166499,-2.0523937,-1.8378248,-1.429326,-1.5665115,-1.8471507,-1.8673797,-1.9341893,-1.9321444,-2.0429692,-1.8786554,-1.6198428,-1.5535442,-1.3018494,-1.2766656,-1.0140219,-0.62737095,-0.40484986,-1.1914016,-3.5327492,-3.0076928,-2.2517705,-2.2240477,-2.3811765,-2.623113,-2.5802686,-2.516683,-2.2057476,-1.8124827,-1.5551987,-1.3973943,-1.267281,-1.5257196,-1.9847852,-2.54666,-3.0829256,-2.9561934,-2.5078068,-2.3079088,-2.1961398,-2.2773356,-2.4105082,-2.1813972,-1.5690508,-1.1062255,-0.8996278,-0.9363551,-1.1460932,-1.9528309,-2.796709,-2.9492898,-2.9520907,-2.4730892,-2.1600893,-2.016049,-1.8671513,-1.6327169,-1.2857299,-1.0119562,-0.8965863,-0.70711607,-0.48749384,-0.4512188,-0.6109058,-0.65719736,-0.4485493,-0.09185836,-0.042152047,-0.4311396,-1.1886654,-2.2883396,-3.0958645,-3.3577263,-3.1824408,-2.9908533,-2.9180906,-2.9782522,-3.106491,-3.4342046,-3.7616796,-4.0370812,-4.09712,-4.1629925,-4.212467,-4.2915077,-4.3941455,-4.410643,-4.3676205,-4.3545732,-4.288257,-4.3096905,-4.3984113,-4.5984764,-4.8097105,-4.9894114,-5.124914,-5.1759043,-5.2381086,-5.2750115,-5.390168,-5.496395,-5.4485874,-5.0958486,-4.6776857,-3.8800263,-2.691687,-1.3750169,-0.94992995,-0.9288994,-0.6990603,-0.7438349,-0.7728565,-1.0252572,-1.2886019,-1.5276382,-1.6936301,-2.0784097,-2.2531083,-2.2675447,-2.3620682,-2.2913232,-2.3203127,-2.2916229,-2.2386374,-2.2057052,-2.397878,-2.3942695,-2.3963618,-2.3946128,-2.3984263
-2.2549255,-2.333243,-1.175435,-2.4638371,-2.4911401,-2.4843326,-2.5160644,-2.6424465,-2.362819,-1.9000856,-1.5758613,-1.3216555,-1.1012242,-1.0829601,-0.796207,-0.9939383,-1.2338746,-1.3588737,-1.3716946,-1.3336143,-1.3138921,-1.3020166,-1.283635,-1.3585722,-1.4180831,-1.5468563,-1.6701572,-1.5376894,-0.8623098,-0.29759398,-0.19808772,-0.20607427,-0.24376324,-0.6602762,-1.2000061,-1.7555319,-1.6406119,-1.6886007,-1.5130155,-1.4126358,-1.6420904,-1.7941467,-1.8539865,-1.6560115,-1.2640908,-1.2112782,-1.2916659,-1.5880511,-1.1368272,-0.86127824,-0.9643053,-0.7202244,-0.3936658,0.104047835,-0.27426943,-1.1440556,-1.5146508,-1.4338917,-1.1956654,-1.0579534,-0.6008165,-0.64447963,-0.91210747,-0.75783914,-0.9182307,-1.2451942,-1.4709321,-1.5631096,-1.5922637,-1.5999081,-1.6750932,-1.8274149,-1.8508153,-1.3494653,-0.6299601,-0.9560718,-0.9908927,-0.9936166,-1.5188615,-1.442498,-1.4421796,-1.6112664,-1.5120335,-1.389329,-1.2189875,-0.9796718,-0.73297334,-0.47603583,-0.38834321,-0.4462209,-0.8902991,-1.1009411,-1.2142069,-1.2947688,-1.4119432,-1.5239723,-1.6694443,-1.8853865,-2.0335336,-1.6822011,-1.4126402,-1.4940857,-1.4726927,-1.5177724,-1.3824228,-1.2504478,-0.96817815,-0.7328447,-1.0427827,-0.82393163,-0.5822953,-0.4588814,-0.33202773,-0.37179795,-0.4095291,-0.23171508,-0.25449464,-0.39878726,-0.6493135,-1.0126698,-1.1051675,-0.97414994,-1.0792053,-1.146502,-1.1040506,-0.8691853,-0.29142958,0.03206475,0.46715012,0.5731014,0.28184456,-0.051768303,-0.3400197,-0.13660121,0.03541082,0.09078722,0.0494494,-0.095733315,-0.4200272,-0.82111216,-1.2277161,-1.4793143,-1.6645474,-1.832865,-1.8582584,-1.6942619,-1.1735387,-0.9410201,-1.0379618,-1.002757,-1.082058,-1.5388229,-1.9621162,-2.0597878,-2.0721536,-1.7458823,-1.3907425,-1.248648,-1.2089219,-1.2587769,-1.252703,-1.2595962,-1.2913699,-1.3367884,-1.3428586,-1.3915497,-1.3880444,-1.3823144,-1.405188,-1.3737192,-1.4579173,-1.5224566,-1.5362625,-1.8755106,-2.4731169,-2.9079533,-2.9541597,-2.7760952,-2.6826818,-2.4840012,-2.2532191,-2.2055018,-2.2393718,-2.3607159,-2.4000294,-2.367875,-2.2834105,-2.2981288,-1.8521049,-1.3284619,-0.48548672,-0.12226853,0.06793046,0.16740215,0.47641996,0.8650037,1.1945198,1.4460261,1.7372488,2.106885,2.179398,2.1399708,1.4547529,0.69546086,-0.06250247,-0.6456164,-1.0693378,-1.3476392,-1.4012783,-1.2890818,-1.0239215,-0.8220148,-0.7709557,-0.6907977,-0.605208,-0.63813186,-0.6449629,-0.7167791,-0.94011074,-1.2326903,-1.739337,-1.5162246,-1.1213709,-1.4147431,-1.6835755,-1.8731592,-2.1156669,-1.997268,-1.9752829,-1.9437779,-1.8009953,-1.6254854,-1.2514337,-0.9694054,-1.0042332,-1.2924379,-1.8716295,-2.0964067,-1.464264,-0.14258769,1.4806094,1.2363653,0.7497223,0.63144195,1.0974506,1.2880526,1.3359311,1.6196425,1.5334728,1.4804133,1.2917602,0.796057,0.24338952,0.091850966,0.09754021,0.09325963,0.114254646,0.09665825,0.12236868,0.16998675,0.05010827,-0.11711709,-0.3173757,-0.4555859,-0.5165676,-0.6083424,-0.7197371,-0.8031883,-0.8913164,-0.912359,-0.8575661,-0.9019426,-0.9496157,-0.98456,-0.9382801,-0.7283249,-0.27772984,0.22980432,0.52122384,0.5854199,0.74329555,0.6375363,0.31158313,-0.34348586,-0.78046525,-0.99423057,-1.1503088,-1.5981455,-1.7300609,-1.8422446,-1.9152304,-1.9275894,-2.0024986,-1.9646156,-1.8943226,-1.8372003,-1.1755828,-1.177594,-1.1764425,-1.1778104,-1.1753485
-4.3479958,-4.335613,-3.4427896,-4.332652,-4.3514476,-4.342637,-4.3899984,-4.2865243,-3.6548955,-3.1703954,-2.5931768,-2.1096184,-1.8515718,-1.8453847,-1.8009137,-1.4925867,-1.3747311,-1.3575428,-1.4293895,-1.4698964,-1.5178101,-1.5693945,-1.6145179,-1.5987716,-1.6004802,-1.6277931,-1.7654545,-1.9013419,-1.9749216,-1.8360288,-2.463059,-3.7392037,-3.8813038,-3.9595757,-3.7613313,-3.4438648,-3.542902,-3.535883,-3.620436,-3.6122298,-3.4977388,-3.4491978,-3.3840008,-3.1618147,-2.678588,-2.5485902,-2.5634012,-2.3070455,-2.4685307,-3.1818373,-3.3648012,-3.4871936,-3.5981202,-3.2640905,-2.564171,-2.3647919,-2.3066185,-2.4444284,-2.6831372,-2.7865663,-2.8344114,-2.5378559,-2.1487212,-2.0489945,-2.50837,-2.6652777,-2.6631231,-2.6343608,-2.6506135,-2.684857,-2.763876,-2.985331,-3.2919981,-4.1617494,-4.961912,-5.253497,-4.396091,-3.6341133,-2.5688984,-2.0198379,-1.501897,-0.9154317,-0.53939867,-0.4338033,-0.55129755,-0.8875723,-1.4913362,-1.9769925,-2.1708906,-2.3724918,-2.555732,-2.540142,-2.3241577,-2.1510475,-2.039098,-1.8713509,-1.6488001,-1.6526965,-1.9034041,-2.7661297,-3.2976108,-3.361665,-3.0224564,-2.7775276,-2.7675729,-2.8190265,-2.8566113,-2.9658113,-3.1896834,-3.3552737,-3.2868962,-2.9074595,-2.6327708,-2.1844888,-1.5670345,-1.4465313,-1.3154038,-1.5420034,-1.9472414,-2.5420184,-2.8836956,-3.1428032,-3.3853147,-3.4111915,-3.355771,-3.2710383,-3.0144334,-2.885954,-3.3327594,-3.255632,-2.7114387,-2.1072948,-1.7823462,-1.8380299,-2.0457213,-2.1787953,-2.2766151,-2.3784866,-2.3558612,-2.287053,-2.204462,-2.1422443,-2.1776922,-2.2518706,-2.436607,-2.9003124,-3.489573,-3.949984,-4.120588,-4.169609,-4.2956347,-4.757223,-4.9819717,-4.892436,-4.55065,-4.37591,-4.0295854,-3.7617235,-3.5891633,-3.3534646,-3.2040746,-3.1538534,-3.242052,-3.2551932,-3.2239377,-3.196117,-3.2951758,-3.396625,-3.54207,-3.5708566,-3.732686,-3.9804688,-4.378335,-4.453371,-4.1206484,-3.8930235,-3.5511346,-3.328198,-3.2249942,-3.017046,-2.6958795,-2.4722795,-2.1634073,-1.9855036,-1.8611069,-1.9212145,-1.8878083,-1.9101739,-2.1001928,-2.7199903,-3.811694,-3.4795415,-3.0955777,-2.8176289,-2.6798491,-2.1865656,-1.7733569,-2.1357327,-2.0698814,-1.7373993,-1.4304317,-1.3155155,-0.91385835,-0.6867815,-0.63695014,-0.91842604,-1.2176574,-1.4216619,-1.5851749,-1.697825,-1.5664817,-1.3200624,-1.3146267,-1.6590121,-1.598063,-1.4951802,-1.5768753,-1.8045838,-2.3242028,-2.6752503,-2.776161,-2.5933843,-2.4654164,-2.1455853,-1.791117,-1.4842,-0.7793308,-0.640056,-0.66120285,-0.6220895,-0.46826053,-0.15681499,-0.20071468,-0.54948527,-0.92498124,-1.1356157,-0.7937895,-0.4030681,-0.8162848,-1.5297704,-2.181871,-2.628249,-2.949343,-3.3185432,-3.3101673,-2.8796043,-2.2988539,-1.7199277,-0.9430797,-0.83658403,-0.74941677,-0.50263774,-0.27865294,-0.18277928,-0.10432905,-0.097672045,-0.16566694,-0.16150852,-0.11832172,-0.08138107,-0.023823261,0.007783979,-0.08129859,-0.20200926,-0.32685447,-0.41857517,-0.4595381,-0.45467776,-0.3608418,-0.19471344,-0.17853676,-0.40218163,-0.6061821,-0.69318855,-0.6072726,-0.15467572,-0.33526564,-1.0329635,-1.30833,-1.4841473,-1.6352503,-1.8354368,-2.1191604,-2.271323,-2.174526,-2.2504106,-2.4062731,-2.8164012,-3.0211165,-3.163443,-3.4250917,-3.53344,-3.5739055,-3.57852,-3.6056046,-3.7236304,-3.4426842,-3.445218,-3.4436421,-3.4455779,-3.442397
-2.8950884,-2.7505372,-2.9984465,-2.6322134,-2.5982823,-2.6807044,-2.77823,-2.813042,-2.1698835,-1.5262014,-1.2985259,-1.260889,-1.0447905,-0.91181564,-0.63785195,-0.13698407,0.056996264,0.13630946,0.12351397,0.08824428,0.045842566,0.03168699,-0.039324548,-0.09202668,-0.15937752,-0.24213901,-0.31742272,-0.35139385,-0.78131473,-1.2051917,-2.3563864,-2.71798,-2.483959,-2.3085546,-1.9511483,-1.6803195,-1.4546996,-0.8833344,-0.34794223,-0.02956742,0.21379861,0.29005218,0.27952722,-0.4514305,-0.4947707,-0.05486329,0.018390447,-0.056562707,-0.24514522,-0.8001709,-1.0764675,-1.0741835,-1.1866672,-1.4199317,-1.4223702,-1.182562,-0.8960743,-0.7251328,-0.69283485,-0.69526815,-0.60677284,-0.18620223,0.23076354,0.8972158,1.0105954,1.017112,0.87856436,0.74745125,0.6902237,0.5441925,0.38886648,0.17368026,0.18414252,-0.3799035,-0.52737147,-0.41670847,0.09866822,0.103832245,-0.059584856,-0.8376337,-1.0730569,-0.818565,-0.8782958,-0.95365524,-1.0383694,-1.0289118,-0.5992182,-0.26579145,-0.4698707,-0.7537805,-1.3455566,-1.5370986,-1.5185575,-1.4819646,-1.3934511,-1.2004247,-1.030826,-0.8844639,-0.7689057,-1.1313804,-1.4009929,-1.2558212,-0.62623495,-0.19443035,-0.53325534,-0.89034605,-0.9879488,-0.8472183,-0.86145043,-1.2456131,-1.606042,-1.7512459,-1.5003749,-1.2784787,-0.90208447,-0.61937904,-0.32699576,-0.28418612,-0.31020623,-0.5091646,-0.7047503,-0.86956894,-0.7427882,-0.6344968,-0.5391685,-0.44092807,-0.43750212,-0.005328458,-0.31391966,-0.44171444,-0.27052677,-0.24273205,-0.15429443,-0.061779596,-0.2901752,-0.48846167,-0.7105,-0.97993064,-1.2494795,-1.5334738,-1.5254345,-1.3089309,-0.92181957,-0.46481735,-0.002978921,0.29203308,-0.066375494,-0.6980325,-0.95227134,-1.1205301,-1.3177717,-1.6522229,-1.7451134,-1.7353486,-1.8387277,-2.633275,-2.900594,-2.6826005,-2.5055466,-2.2578468,-2.1080766,-2.0073354,-2.0530386,-2.06037,-1.9899534,-1.957731,-2.0122283,-2.0519714,-2.0691783,-2.0190327,-2.0574377,-2.170674,-2.571394,-2.6931374,-2.5366359,-2.813314,-3.0156777,-2.9445949,-2.971393,-2.8643792,-2.7194798,-2.5402117,-2.2704191,-2.125836,-1.8864795,-1.8057901,-1.6707938,-1.3989046,-1.3129294,-1.3492965,-2.176395,-2.274813,-1.8289392,-1.325571,-1.1364067,-1.1358852,-1.3683212,-1.6583058,-1.8763305,-1.6559863,-1.5511813,-1.4750698,-1.3638618,-0.7762405,-0.53335005,-0.9742795,-1.4348443,-1.587403,-1.3576189,-1.2063885,-1.230212,-1.2962735,-1.2617352,-1.155969,-0.7771533,-0.46100494,-0.32193574,-0.38571405,-0.86577,-1.9241648,-2.637505,-3.0817065,-3.3090703,-2.7566047,-2.3931873,-1.9884303,-1.0071025,-0.63568956,-0.39559036,-0.1520127,0.027546465,0.31963792,0.6509955,0.79188955,0.76351744,0.73649853,0.8130723,1.0373944,0.8930087,0.52873945,-0.114173025,-0.55204535,-1.092338,-1.6689088,-1.8161179,-1.560063,-0.933325,0.10957271,1.699842,2.3629785,2.780241,2.7648807,2.7555642,2.7035222,2.6960983,2.6160378,2.4995332,2.5149322,2.6099122,2.7350895,2.925262,2.997519,2.9284892,2.7261195,2.470999,2.2415223,2.0365636,1.9466467,1.8333235,1.7485535,1.5792282,1.450896,1.2504177,1.3005173,1.5865096,1.8233051,1.7113273,1.348469,1.1896143,1.2225134,1.0604556,0.7022093,0.23910478,-0.2824393,-0.45509437,-0.6574779,-1.0062958,-1.5039421,-1.7263497,-1.8912789,-2.152422,-2.2284245,-2.2534328,-2.2765803,-2.2402353,-2.2725244,-2.9972813,-2.9916425,-2.9948838,-2.992251,-2.9981093
-1.7711099,-1.6067033,-1.9004567,-1.4891346,-1.4359158,-1.5242634,-1.5303385,-1.4138731,-1.167515,-0.5976846,-0.2221286,-0.058111876,-0.009996593,-0.079361975,0.33905315,1.0478243,1.5455066,1.7981105,1.8839359,1.8976176,1.890837,1.9155121,1.8996804,1.8829503,1.8513778,1.7884488,1.6356683,1.3927128,0.8056594,0.33266506,-1.2431316,-2.801549,-2.8150945,-2.523036,-2.0534222,-1.5935624,-1.3158928,-0.87577933,-1.285576,-1.4810755,-1.3424163,-1.3503643,-1.310576,-1.1627733,-0.9019953,-0.5541233,-0.7314976,-0.29877612,0.012044845,-0.47036067,-0.952899,-1.1269855,-1.196041,-1.2597394,-1.0890383,-0.8861206,-0.7786229,-0.7510536,-0.6841146,-0.63817775,-0.6455822,-0.42644495,-0.27191088,0.33127072,0.70711786,0.9948768,1.175503,1.1551765,1.0834453,1.0109828,0.9264032,0.8452575,0.8896215,0.6414951,-0.0554461,-1.1413255,-1.0612459,-1.113201,-0.8794185,-1.4260079,-1.9007158,-1.738976,-1.6526242,-1.6896219,-1.7834549,-1.9759896,-1.7586881,-1.4351361,-1.6325425,-1.9177814,-2.297246,-2.4178083,-2.4035907,-2.2718127,-2.0883243,-1.883688,-1.6733663,-1.2730588,-0.98690337,-1.3402121,-1.3918585,-1.113186,-0.8278532,-0.96589065,-1.1725934,-1.297047,-1.3384097,-0.8682875,-0.7114357,-1.063086,-1.2496012,-0.9458148,-0.64114726,0.026035741,0.5134798,0.53044176,0.23791349,-0.20339832,-0.5953844,-0.908792,-0.534982,-0.22657207,0.044033796,0.2012321,0.3443327,0.4321897,0.2558245,-0.7889066,-1.7308267,-1.8836092,-1.7605286,-1.2594932,-1.0906863,-1.535422,-1.9159896,-1.964205,-2.0028725,-2.0538068,-1.959332,-1.5425059,-1.0633086,-0.68168736,-0.262291,0.15764414,0.5728469,0.9099841,0.54887956,-0.20740896,-0.58960515,-0.96986055,-1.1599007,-1.3555601,-1.3843062,-1.4014833,-1.7957969,-2.431242,-2.6351395,-2.5738318,-2.5125809,-2.358689,-2.2833781,-2.221137,-2.216341,-2.2064025,-2.1532338,-2.1143074,-2.1666164,-2.1981544,-2.190611,-2.1782928,-2.1968675,-2.1935885,-2.1847932,-1.9766357,-1.6201565,-1.5223273,-1.158696,-1.0139823,-1.0447516,-1.1359664,-1.305341,-1.3263516,-1.2770517,-1.1395545,-0.8924274,-0.8392855,-0.67406636,-0.23148026,-0.12809263,-0.49587065,-2.703919,-3.1623015,-2.749988,-2.661098,-2.6948986,-2.6314592,-2.234229,-1.9977839,-1.3919196,-0.8222444,-0.3873146,-0.0915733,0.37669542,0.39648822,-0.101534255,-0.72913194,-1.2515063,-1.3208007,-0.88426656,-0.69900906,-0.88874775,-1.2445894,-1.5068402,-1.5061767,-1.2965263,-1.1436929,-1.2265671,-1.362198,-1.6215603,-2.503478,-3.1114569,-3.3371918,-3.3606706,-2.7667127,-2.5225403,-2.5051801,-2.3091745,-1.9332764,-1.6990697,-1.4950902,-1.4201535,-1.1925507,-1.054678,-1.013948,-0.75716364,-0.044199094,0.63551956,1.3049468,1.2822328,0.6263014,-0.44490635,-1.0195987,-1.3860081,-1.6700184,-1.681443,-1.4133503,-1.1486506,-1.0100775,-0.462826,-0.14065665,0.22902462,0.5638882,0.8142861,0.7977511,0.7348224,0.66514814,0.55276155,0.540086,0.5681601,0.5309087,0.5845214,0.6313021,0.6259495,0.53533155,0.42800394,0.3278543,0.26259446,0.21088141,0.07740834,-0.11948994,-0.41834456,-0.52307653,-0.6991884,-0.66734076,-0.49877605,-0.30498904,-0.521263,-0.8191575,-1.0305837,-1.1774517,-1.4299083,-1.6900176,-1.7727264,-1.5030347,-1.0968359,-1.1161536,-1.2193716,-0.9572971,-0.8809736,-0.7376982,-0.7710626,-0.7178875,-0.69941545,-0.71808946,-0.81782955,-0.8822857,-1.8997662,-1.8949325,-1.8977286,-1.8951955,-1.9003062
-1.0649868,-1.0607877,-0.38202098,-1.1176249,-1.1749324,-1.1316445,-1.1517164,-1.1460885,-0.8287686,-0.7187088,-0.8284615,-0.84949696,-0.60455287,-0.536294,-0.4806111,-0.23939025,-0.2180514,-0.27686325,-0.43430656,-0.4898032,-0.56409776,-0.6119133,-0.6102479,-0.5155101,-0.43574974,-0.31450272,-0.28540772,-0.34912834,-0.76181126,-1.1257472,-1.7372892,-1.784924,-1.5163758,-1.1790762,-0.65209496,-0.41384193,-0.25272685,-0.07039943,0.2111915,0.5302446,0.792185,0.7316292,0.58379775,0.12850949,0.3328899,0.16018145,-0.08388326,0.24324605,0.82525826,0.48678103,-1.266821,-1.4553081,-1.4944801,-1.5521269,-1.5317967,-1.6921036,-1.8870449,-2.1144805,-2.3024454,-2.3468106,-2.3798456,-2.196781,-2.1017902,-1.601985,-1.4822098,-1.6065943,-1.7732866,-1.8907121,-1.9816245,-1.982063,-1.9931154,-1.9570479,-1.9580855,-2.122035,-2.225366,-2.1567624,-1.9315534,-1.7262554,-1.4313526,-1.129754,-0.8090967,-0.53534466,-0.49019048,-0.56258297,-0.77801144,-1.1809525,-1.6051273,-1.8109827,-2.0160394,-2.193622,-2.4526637,-2.3141294,-1.9116457,-1.6435323,-1.3437438,-1.1344852,-0.82632494,-0.67002565,-0.5731068,-0.9100119,-1.1242145,-1.0615131,-1.0302328,-0.95935756,-0.45543474,-0.06840497,0.031549335,-0.47589064,-0.6722138,-0.8113195,-0.92483354,-0.7421479,-0.43026817,0.06070064,0.26156324,0.2953761,0.6567416,1.0246664,0.97089064,0.25576535,-0.2828127,-0.49801803,-1.1518978,-1.7562978,-2.1421547,-2.5502975,-2.6618829,-2.2997048,-2.1038606,-1.9168574,-1.5128907,-1.1381962,-0.9413277,-0.8985623,-1.3906925,-1.841001,-2.0080428,-1.9773896,-1.7708077,-1.460136,-1.1731867,-0.8457059,-0.67743635,-0.6615848,-0.6458377,-0.65458125,-0.8949137,-1.1631606,-1.1552187,-1.2304077,-1.2717175,-1.5328302,-1.3356552,-1.4330398,-1.5453029,-1.908345,-2.2567482,-2.1920316,-2.0875757,-1.9508729,-1.8514941,-1.821316,-1.7819742,-1.7547054,-1.6391547,-1.6104999,-1.647285,-1.6983209,-1.7636535,-1.7411678,-1.820657,-1.9052323,-2.0182316,-1.6725376,-0.85342443,-0.74243087,-1.276962,-1.8520939,-2.109342,-2.0876381,-2.085815,-2.104678,-2.0002787,-1.9315408,-1.9178894,-1.9368607,-1.7285825,-1.2634587,-0.987103,-0.65620476,-0.67009175,-1.011956,-0.7277185,-0.32587352,-0.11088252,0.007941008,-0.63141966,-1.4128804,-1.8393576,-1.6007868,-1.2020006,-0.78642696,0.5823693,2.3681002,3.1209536,3.5461519,3.3705924,2.8591223,1.5560621,-0.15045051,-1.5118144,-1.8148476,-1.4792619,-1.3255959,-1.1190236,-0.8678283,-0.8081087,-0.869233,-1.1905892,-1.91678,-1.9446259,-2.1065302,-2.3274684,-1.8907528,-1.5637172,-1.5331537,-1.5423102,-1.77896,-1.9022121,-1.9787621,-1.8729595,-1.6331261,-1.5524459,-1.5251694,-1.4937334,-1.1921369,-0.5659417,0.16265199,0.38158172,0.045904487,-0.73995197,-1.2878294,-1.8098181,-2.119275,-2.0690093,-1.8448801,-1.6642172,-1.2638199,-0.77123034,-0.62366354,-0.29855716,0.09123288,0.34492213,0.40070924,0.22061095,0.049230367,-0.055749804,-0.24700515,-0.36752194,-0.52999485,-0.5444355,-0.506398,-0.46582678,-0.43056124,-0.45678198,-0.50235677,-0.60179514,-0.70951366,-0.8000455,-0.77782464,-0.61984414,-0.65145135,-0.5908506,-0.39968348,-0.16800508,0.21023455,0.33869737,0.31677487,0.1468414,0.16895235,0.18718806,0.16745543,-0.26584977,-0.33034945,-0.2793682,-0.23670857,-0.18595849,-0.48747435,-0.626894,-0.54451823,-0.57049024,-0.5570947,-0.6636344,-0.55634546,-0.58173966,-0.5492598,-0.38179517,-0.3817203,-0.38164395,-0.38222003,-0.3817178
0.92627835,1.0008655,1.5201502,0.96895844,0.91118413,0.85045576,0.8230169,0.6721568,-0.32125163,-0.86601555,-0.38913667,0.16833666,0.164949,0.102748565,0.119361155,0.38232982,0.6881548,0.89800835,0.9537882,1.0019295,1.057328,1.0443838,1.1023331,1.0908545,1.0388021,0.91936386,0.6053234,-0.1322293,-1.1409308,-1.5117141,-1.9388607,-1.8052619,-1.8690052,-1.8663841,-1.4775306,-1.2533286,-1.3810815,-1.3785117,-1.3130418,-1.0942796,-1.2937425,-1.5438727,-1.7426171,-1.3250676,-0.5553981,-0.5931675,-0.56147194,-0.732294,-0.5496543,-0.17712751,-0.2071361,-0.5957281,-0.9592588,-1.5837029,-1.6775976,-1.4874636,-1.492847,-1.6595622,-1.6659887,-1.6092106,-1.6266549,-1.7974017,-2.5759811,-2.3015113,-1.6491032,-1.4259185,-1.3054466,-1.196323,-1.1351264,-0.98317224,-0.84181005,-0.87834454,-1.1622525,-1.4567626,-2.129424,-1.8367541,-1.0954773,-0.51646334,-0.029303908,0.33730403,0.4494899,0.048052788,-0.26816797,-0.37928224,-0.4052753,-0.29647553,-0.1815893,0.00066869706,0.34991044,0.652568,0.9948139,1.0329033,0.80400574,0.582088,0.3712272,0.29372793,0.14266425,0.015268575,-0.2548373,-0.41941732,-0.16121703,-0.25214905,-0.5148772,-0.8550239,-0.9870808,-1.1833309,-1.2365193,-0.7504552,-0.72539353,-0.7344471,-0.6622182,-0.59584254,-0.6709007,-0.74632496,-1.3645047,-1.8088843,-1.9734192,-1.715025,-1.468458,-1.4734107,-1.5872966,-1.6083515,-1.5190898,-1.3915919,-1.3668728,-1.4725432,-1.5146086,-1.5178965,-0.5433383,0.04968515,0.83632565,1.0102656,0.36179763,-0.17255175,-0.040790975,0.4514215,0.6745884,0.6046407,0.30250835,-0.08931416,-0.4245385,-0.54741675,-0.54457176,-0.6125185,-0.82174474,-1.2537272,-2.0055532,-1.7313116,-1.4051352,-1.0956515,-0.932762,-0.99479616,-1.7228835,-2.2681665,-2.782123,-2.3838055,-1.6146083,-1.3262362,-1.1402669,-1.0137118,-0.9637815,-0.92526615,-0.9111834,-0.9119061,-0.8862012,-0.9121211,-0.94392633,-0.96343553,-0.8108939,-0.6802634,-0.57061017,-0.48534608,-0.4660993,-0.7182289,-0.76621914,-0.36545438,-0.27551505,-0.2749242,-0.24254121,-0.22754788,-0.3560959,-0.4164524,-0.3325064,-0.18318005,-0.035409212,-0.0076669306,0.14558893,-0.06133783,-0.69784623,-1.5534954,-1.3473521,-0.6150409,-0.8619247,-1.1547579,-1.5489022,-2.263862,-2.262033,-1.7507517,-1.0507056,-1.0142531,-1.1988794,-1.4339274,-1.8040168,-1.1880354,-0.6856594,-0.40354335,-0.19983026,-0.2357869,-0.38687804,-0.46219677,-0.6814543,-0.7077683,-0.51730144,-0.23812835,-0.084813185,-0.08334496,-0.14866374,-0.18447563,-0.2608607,-0.21368282,-0.5074805,-0.54346114,-0.5601272,0.19252294,0.767482,0.9087192,1.0130551,0.59643507,0.27072835,-0.07833174,-0.24609277,-0.28789738,-0.731162,-0.9710408,-0.7146828,-0.4480007,-0.091281325,-0.115792155,-0.8564046,-1.4877563,-1.8177717,-1.3932539,-1.2685403,-1.234916,-0.9169442,-0.7105055,-0.95388365,-1.6313328,-2.5152183,-2.84489,-2.9946856,-3.010737,-2.8342338,-2.7008753,-2.6002598,-2.5007877,-2.435073,-2.3696632,-2.3428137,-2.2474873,-2.0684705,-1.8937249,-1.7434916,-1.6609819,-1.6784163,-1.71381,-1.7635744,-1.8372478,-1.9009547,-2.0051885,-2.1089625,-2.0007503,-1.9092709,-1.7645512,-1.6167185,-1.5153131,-1.2997749,-1.0084437,-0.7847842,-0.6482452,-0.37363958,-0.21720277,-0.20620099,-0.43393028,-0.48614067,-0.52180076,-0.40221077,0.33226648,0.694801,0.9005016,1.2112103,1.4429598,1.6161928,1.5429126,1.4892213,1.570846,1.5200002,1.5176471,1.519077,1.5175045,1.5204148
-0.7387544,-0.94540346,0.37117547,-1.2482609,-1.3087665,-1.4225127,-1.4771067,-1.670981,-1.3503641,-1.2262801,-1.513617,-1.6662717,-1.8543081,-2.063242,-2.0595112,-2.321125,-2.2505007,-2.1243489,-2.0394616,-2.0164833,-1.9647493,-1.9404602,-1.8894839,-1.9051137,-1.9203187,-1.9878184,-2.0618443,-1.9489685,-1.0188347,-0.08546752,1.8645186,2.0051582,1.5287918,1.1105704,0.5304415,-0.008708298,0.21623252,0.14650919,0.28578347,-0.42816225,-0.8752217,-0.95163846,-0.9739413,-0.7565315,-0.7056257,-0.99171007,-0.83079255,-0.8288423,-0.92935234,-0.9297489,-0.94019854,-1.0598195,-1.0934963,-0.9444947,-0.9394326,-0.9963089,-1.0468574,-1.0343931,-0.8451308,-0.6891199,-0.20489214,-0.40964532,-0.87753975,-1.4602115,-1.8147664,-1.939571,-1.8406794,-1.7126834,-1.6014104,-1.5039213,-1.4743823,-1.55542,-1.6819816,-1.4601437,-1.0452666,-1.262987,-1.3656833,-1.1073617,-0.5775973,-0.28232074,-0.4783132,-0.684934,-0.7348422,-0.7220961,-0.6400745,-0.48083577,-0.58746743,-0.6045743,-0.49377215,-0.40714407,-0.21365814,-0.18201335,-0.20306267,-0.30400717,-0.5748598,-1.0916638,-1.4919763,-1.6140386,-1.3978622,-0.67326844,-0.41527447,-0.8058636,-1.6073637,-1.8616807,-1.5719547,-1.1581699,-0.9104394,-0.6260681,-0.45726886,-0.22905931,-0.09517117,-0.08440156,-0.073645875,-0.36345977,-0.25208896,-0.6176412,-1.0034763,-1.0176953,-1.0073426,-1.2518994,-1.4836876,-1.536239,-1.5220339,-1.5196807,-1.5066125,-1.3773495,-0.98650885,-0.84401923,-0.40194747,-0.025687069,-0.07252538,-0.53507155,-0.624369,-0.29390514,0.050127156,0.18219882,0.09596493,-0.12449055,-0.47404647,-0.7870705,-1.1373866,-1.4620204,-1.7016853,-1.8473606,-1.9371381,-1.9451079,-1.550199,-1.0567083,-0.9892943,-0.8850762,-0.6295656,0.24467753,1.3439282,1.8362638,1.7750928,2.1085684,3.2386463,3.681707,3.9707773,4.0596514,4.150325,4.2092485,4.206626,4.1986523,4.1530356,4.128521,4.199972,4.255301,4.119105,4.0314746,3.8999553,3.7170153,3.4321222,2.370982,1.4773667,0.28654063,-0.338431,-0.41278702,-0.45754868,-0.7634744,-1.1309842,-1.321498,-1.4130635,-1.3840661,-1.2553325,-1.2231176,-1.2694248,-1.4308267,-1.4571453,-1.0543194,-0.20366946,0.19790882,0.5873989,0.5829068,0.6477897,0.97712153,1.1658864,1.0218096,1.0093888,0.88061464,0.6701545,0.39935023,0.0576891,-0.42664194,-0.6405401,-0.49385583,-0.20956036,-0.05265221,-0.25918996,-0.47404015,-0.5465361,-0.5405223,-0.39706445,-0.18814039,0.023314387,0.20439973,0.6060952,1.4524435,3.4594338,4.6491475,4.650022,4.1005187,2.9408786,-0.15237197,-0.94476825,-1.3440559,-1.904432,-1.7716129,-1.6662371,-1.4968712,-1.4567139,-1.6309094,-1.6691942,-1.452568,-1.1570061,-0.88087684,-0.9759867,-1.6327517,-1.8492126,-1.4302906,-0.5162419,-0.068522096,-0.4273707,-0.6144117,-0.40802658,-0.5822025,-0.826914,-1.0164822,-1.390258,-1.419628,-1.3853801,-1.5314724,-1.6179801,-1.5710564,-1.5052006,-1.4348255,-1.3899778,-1.4011966,-1.4352844,-1.4603585,-1.5091298,-1.4837335,-1.3898766,-1.240473,-1.1187298,-1.0131769,-0.9432964,-0.92862403,-0.86227745,-0.7070377,-0.3867329,-0.17619912,0.19302598,0.4648821,0.5094088,0.23479633,0.08447068,0.17306793,0.28244525,0.38489303,0.33508867,0.5131869,0.7491159,0.7087101,0.48888844,0.43640673,0.4200229,0.28681004,0.3444605,0.11270176,-0.020215286,-0.11723143,-0.27782357,-0.284176,-0.24226525,-0.26589915,0.37099278,0.36897615,0.3701774,0.3686468,0.37124252
0.20621596,0.27888733,-0.09305233,0.4341178,0.37852246,0.38631234,0.3773734,0.22657976,-0.7691475,-1.5404029,-1.7040323,-1.5871441,-1.5971938,-1.5755405,-1.9100335,-2.2045994,-2.3541956,-2.4299283,-2.3732827,-2.3717604,-2.3718848,-2.3381946,-2.366509,-2.4283247,-2.4545023,-2.549395,-2.639246,-2.9272532,-2.961986,-2.5078816,-1.2851286,-0.041149184,0.2275916,0.24463746,0.13435821,0.17091462,0.28597665,-0.11188605,-0.49947888,-0.64482456,-0.72389245,-0.7002435,-0.5705797,-0.21390477,-0.6243034,-1.1430633,-1.400635,-1.7940967,-1.7101455,-1.3196553,-1.4269567,-1.6838315,-1.8993464,-1.9556159,-1.8650006,-1.801605,-1.7329873,-1.7025784,-1.5927328,-1.4841883,-1.4239734,-1.6279588,-1.6795791,-1.4884844,-1.2493534,-1.3105971,-1.2625408,-1.2608113,-1.2714858,-1.2721336,-1.2762976,-1.3805659,-1.785167,-2.0969625,-2.1103327,-2.327918,-2.6829329,-2.6479197,-2.4822674,-1.9861286,-1.6319633,-1.2423861,-1.0204902,-0.90701234,-0.82592845,-0.71945244,-1.0315696,-1.2757274,-1.2476648,-1.1502149,-1.0683646,-1.2113473,-1.2902241,-1.2628217,-1.1523852,-0.9997035,-0.87248284,-0.90812624,-1.1611612,-1.1266288,-1.292346,-1.6965322,-2.0300655,-1.4265411,-0.30171603,0.11881629,0.52638507,0.5319208,0.049218804,0.3878164,0.9995219,1.0075504,0.8613501,0.44365725,-0.46516854,-0.6439223,-0.49922228,-0.2387068,-0.10414771,-0.05101901,-0.15372607,-0.19231552,-0.4724046,-0.8244885,-1.2184633,-1.7410421,-2.2132058,-1.8686682,-1.1960928,-1.2272928,-1.6126099,-1.7900233,-1.6706089,-1.5838727,-1.2345358,-0.9513658,-0.8566022,-0.9350993,-1.1504052,-1.3445505,-1.4738024,-1.5883012,-1.6745878,-1.7533319,-1.8797071,-2.1080184,-2.077259,-1.9479909,-2.2066762,-2.3601913,-2.214501,-1.7957613,-2.1614654,-2.4623232,-2.3385327,-1.4321588,-0.37718254,-0.164481,-0.12164733,-0.12909293,-0.15669897,-0.18953411,-0.24823478,-0.30842173,-0.39635062,-0.46220577,-0.48619798,-0.5261653,-0.48168018,-0.47620085,-0.4925628,-0.517896,-0.38271472,-0.38330668,-0.67664677,-0.7017282,-0.6413861,-0.63009834,-0.7177654,-1.0899154,-1.1783619,-1.1044972,-1.2996483,-1.3946111,-1.6032512,-1.7493882,-1.9498358,-2.4305716,-2.6556325,-2.966384,-2.560596,-2.3318834,-2.5406353,-2.4840026,-2.2903228,-2.1060457,-2.1201181,-1.8013186,-1.598581,-1.8954581,-2.0743766,-2.1604662,-1.8187191,-1.3937342,-1.305387,-1.3627021,-1.5368168,-1.6434376,-1.752506,-1.6111553,-1.1670666,-0.7473686,-0.319997,-0.015900359,-0.19767092,-0.3265435,0.0586776,0.8317095,2.6876702,5.016716,5.578658,5.963481,5.7217164,2.101864,0.71915245,0.19193643,-0.4593864,-0.44294468,-0.24069637,-0.051022053,-0.056183696,-0.2917332,-0.710499,-1.116647,-1.4921796,-1.9339378,-2.2304032,-2.293741,-2.38057,-2.4241457,-2.196689,-1.895463,-1.9579241,-1.9681482,-2.5694833,-2.9234996,-3.1666756,-3.4814563,-3.7520795,-3.6568851,-3.5106792,-3.555786,-3.5652452,-3.5659273,-3.4575117,-3.347215,-3.270586,-3.1717587,-3.098229,-2.9604526,-2.8678246,-2.7742896,-2.7137783,-2.634131,-2.5964904,-2.5623116,-2.5412235,-2.52387,-2.4600291,-2.3322365,-2.1997173,-2.1435034,-2.0529175,-2.0545893,-2.0972896,-2.0206318,-2.0089085,-1.7810628,-1.6230136,-1.8004022,-1.6211147,-1.2859116,-0.83625656,-0.72962856,-0.6973427,-0.62677145,-0.45602372,-0.07031122,-0.00290668,0.014322907,-0.010545671,0.13005283,0.15034625,0.12847832,0.08514112,0.047907382,-0.09319037,-0.09551409,-0.094099015,-0.0956952,-0.09285891
-2.7682652,-2.747043,-3.145338,-2.6603105,-2.6582732,-2.7141576,-2.7009788,-2.9237702,-3.5516276,-3.8176608,-3.5844646,-3.2700543,-3.134253,-3.0147662,-3.0068443,-2.9035888,-3.0093255,-3.1054504,-3.0991902,-3.1017714,-3.1360488,-3.150476,-3.1746635,-3.2747831,-3.384267,-3.5503032,-3.7465916,-4.01525,-4.137796,-3.908207,-2.996954,-2.483659,-2.5841234,-2.807478,-2.8867886,-2.917099,-2.8068304,-3.2251234,-3.4097111,-3.6992044,-3.8053129,-3.7770357,-3.6848881,-3.4630394,-3.2607474,-3.2781339,-3.2293153,-3.1675918,-2.8123255,-2.7224274,-2.7814102,-2.6630137,-2.6561265,-2.0348158,-1.8545283,-2.1434028,-2.3997898,-2.5641289,-2.7334442,-2.7820892,-2.7852192,-2.7621093,-2.2192369,-1.5917059,-1.765362,-2.1048713,-2.2023513,-2.1702132,-2.1290557,-2.0702012,-2.039822,-2.1132016,-2.311275,-2.2817087,-1.7093327,-2.1774635,-3.1484592,-3.3447824,-2.9703557,-2.2047098,-1.7029464,-1.4284725,-1.4212253,-1.491579,-1.5983713,-1.8144342,-2.4969149,-2.978927,-3.0990777,-3.0838804,-2.7235024,-2.5689824,-2.3753662,-2.2610424,-2.1161687,-2.1145368,-2.152081,-2.3729692,-2.6498036,-2.6839325,-2.703258,-2.9658203,-3.3797836,-3.7427235,-3.7630708,-3.585796,-3.2706637,-3.326655,-4.0560875,-4.194511,-3.969086,-4.1074276,-4.1619716,-4.067136,-3.5851996,-3.0031822,-2.60269,-2.5278552,-2.5798016,-2.5277119,-2.2024398,-2.0043933,-2.2296307,-2.5281525,-2.7976165,-3.1265385,-3.2672114,-2.9168704,-2.9134197,-3.1542766,-3.4216037,-3.4823866,-3.5228732,-3.6111293,-3.40513,-3.170593,-3.0284863,-2.9164963,-2.7595873,-2.5921345,-2.6220133,-2.6632195,-2.812661,-2.9385076,-3.0631254,-3.1516414,-2.9530458,-2.8422403,-3.1661673,-3.3470845,-3.2218745,-2.799418,-2.4855168,-2.2185874,-1.841502,-1.0706409,-0.15269047,0.07629499,0.087807596,0.093654186,0.026223332,-0.05818659,-0.13814938,-0.14299163,-0.21659958,-0.2720593,-0.35725853,-0.4598094,-0.43562904,-0.4431985,-0.62819797,-0.89872235,-1.4056097,-2.4150925,-3.0455961,-3.3446913,-3.4627385,-3.2581973,-3.0964046,-3.3433247,-3.6379256,-3.732679,-3.8491974,-3.8452702,-3.88004,-3.8160255,-3.722528,-3.7556658,-3.6110477,-3.8567052,-4.086293,-4.0793867,-4.060757,-4.0885215,-4.018843,-4.2360806,-4.4188595,-4.077156,-3.519288,-3.5144134,-3.679576,-3.880701,-3.7102964,-3.0019777,-2.6660852,-2.6592283,-2.6002614,-2.39672,-2.0734718,-1.7221376,-1.3409384,-1.1995932,-1.358433,-1.8126935,-2.2302845,-2.47876,-2.5665817,-2.4586062,-1.619177,-0.23525955,0.37897465,0.23784275,0.13440837,-0.21901165,-0.17683735,-0.417883,-0.87522876,-0.9148588,-1.0651361,-1.1194867,-1.2198188,-1.5957235,-2.0562105,-2.3664365,-2.6304693,-2.9278595,-3.2172155,-3.7219892,-4.174303,-4.253161,-3.8176804,-3.5561614,-3.9094698,-3.8389916,-4.037114,-3.9017992,-3.7695131,-3.841086,-3.4160702,-3.069263,-2.7789154,-2.8234785,-2.9459186,-2.9886746,-2.9091508,-2.7796705,-2.6979256,-2.637269,-2.6174955,-2.6028595,-2.6157935,-2.5924559,-2.546202,-2.4193027,-2.288578,-2.1455426,-2.017123,-1.9522507,-1.9075325,-1.8127749,-1.830505,-1.9525139,-2.0773017,-2.2961195,-2.5725431,-2.8235211,-3.1270666,-3.3569188,-3.4203246,-3.5145464,-3.627893,-3.6047983,-3.5173512,-3.6610937,-3.6603239,-3.5418255,-3.3271766,-2.9254584,-2.9279985,-2.896212,-2.7889066,-2.6507113,-2.539843,-2.6285224,-2.6460311,-2.5758252,-3.1450064,-3.1450696,-3.144936,-3.145479,-3.144974
-2.7994707,-2.6985433,-2.0438967,-2.5711575,-2.5570436,-2.5127664,-2.448741,-2.152549,-2.1622953,-2.3107257,-1.6339452,-1.0165286,-0.61903423,-0.515834,-0.99503165,-1.7362022,-2.0731568,-2.1802423,-2.2660089,-2.264631,-2.2924433,-2.294248,-2.273346,-2.247716,-2.2323213,-2.20385,-2.2226686,-2.3056068,-2.7262745,-2.9751906,-3.741962,-3.6272252,-3.635119,-3.7712398,-3.9023938,-3.9696097,-3.9507742,-3.8908277,-3.1207285,-2.6907973,-2.3181567,-2.0399125,-1.7396472,-0.8376728,0.19041343,-0.061349556,-0.7647754,-1.794039,-2.2917974,-2.8751616,-3.1393242,-3.2565126,-3.2110136,-2.574283,-1.9953477,-1.701666,-1.6323025,-1.630363,-1.4554093,-1.3556074,-1.1141834,-1.1129291,-1.8845986,-2.196667,-2.4474287,-2.700068,-2.8606484,-2.929425,-2.9245467,-2.9502382,-2.9549525,-2.9107127,-2.7003055,-2.1288123,-1.730279,-0.4656882,0.0045288503,-0.20682508,-1.3174874,-1.8587241,-2.0948515,-1.9683194,-1.6666262,-1.3777866,-1.0692344,-0.65114,-0.020483717,0.5044532,0.68606716,0.61961263,0.17937611,-0.002815798,-0.1591925,-0.33079377,-0.59086174,-0.8417411,-1.1543907,-1.6356565,-2.241647,-2.5282292,-2.1404567,-1.9191768,-1.258065,-0.8328332,-0.9619729,-1.3105804,-1.3432598,-1.0495158,-1.2743375,-1.8474615,-1.9411182,-1.5640736,-1.2762499,-0.87816375,-0.6813118,-0.721061,-1.0001335,-1.1286445,-1.283911,-1.5430285,-1.847467,-2.1587272,-2.6139362,-2.7542615,-2.782225,-2.8363252,-2.8677084,-2.5511885,-1.8738401,-1.6256113,-1.6796689,-1.8432245,-2.1304336,-2.1436343,-1.9224064,-1.6778069,-1.615691,-1.6504176,-1.7855258,-1.8638213,-1.8076127,-1.6227734,-1.4298751,-1.3195904,-1.3325,-1.5536036,-1.6773586,-1.2757628,-1.1218426,-0.8786994,-0.7989874,-1.0021341,-1.2861773,-1.5947951,-2.110032,-2.5270028,-2.5535772,-2.4767394,-2.4422464,-2.3716025,-2.3348112,-2.2714252,-2.3055596,-2.2999063,-2.2949548,-2.3018086,-2.3779411,-2.4713767,-2.5585108,-2.637801,-2.8383465,-3.092122,-3.5603912,-3.9433603,-3.5095634,-2.9628053,-2.251531,-1.962656,-1.7809119,-1.5425603,-1.4807917,-1.4464552,-1.2898724,-1.2948132,-1.1358294,-1.070863,-0.90061045,-1.1034555,-1.3418067,-1.6849074,-1.1111307,-0.8206006,-1.426959,-1.4828358,-1.2568238,-0.5206714,-0.24780416,-0.6969032,-0.83761376,-0.8951299,-1.0758508,-1.0321531,-0.45457816,-0.23403645,-0.44656017,-0.72896737,-1.0092756,-1.6757966,-2.7504518,-3.141101,-2.8957949,-2.174331,-1.2317442,-0.4504294,-0.3286873,-0.46456778,-0.60468984,-0.95782083,-1.5179043,-1.8956988,-2.1281157,-2.0335956,-1.6632714,-0.4532929,-0.34114647,-0.49703598,-0.69702506,-0.6805359,-0.48985943,-0.2879598,-0.22386357,-0.37735358,-0.38739318,-0.2729036,-0.34662783,-0.64335763,-0.89795023,-1.2254995,-1.3971957,-1.2696509,-0.7246349,-0.4975326,-0.8562203,-1.079718,-1.1001401,-1.1039023,-1.0994328,-1.0970381,-1.1622407,-1.1687372,-1.0250787,-1.0262555,-1.1023505,-1.09171,-0.92973375,-0.8134716,-0.73301333,-0.63810027,-0.4871055,-0.24893168,-0.121901914,-0.24746299,-0.5659616,-0.9625094,-1.2868917,-1.4781328,-1.5645438,-1.5843123,-1.5259621,-1.4914916,-1.5432954,-1.588478,-1.6544843,-1.6494467,-1.4243162,-1.1764377,-1.0563207,-0.98823893,-1.0583738,-1.0219814,-1.1017972,-1.3907912,-1.6061182,-1.9120154,-2.0679102,-2.198058,-2.0732946,-2.0050442,-1.9440024,-1.96282,-1.9545476,-1.950278,-1.9647465,-1.9423783,-1.9326661,-1.9519045,-2.0436373,-2.0427659,-2.0432222,-2.0432642,-2.0435765
-1.569411,-1.4925787,-2.762486,-1.3309827,-1.2428871,-1.174883,-1.1229984,-0.886703,0.26268893,1.5441732,2.118134,2.289836,2.047602,1.718028,1.53179,2.0382779,2.3337293,2.3853488,2.3775992,2.3547072,2.3215854,2.282194,2.2266705,2.1843638,2.0976954,1.985266,1.8341627,1.6386824,1.2711875,0.9591212,0.1385689,-1.2992179,-1.7116933,-1.8311307,-1.6384836,-1.3357657,-1.6210313,-1.5053067,-1.5701187,-1.5787046,-1.2424625,-1.1639588,-1.1857678,-1.4706748,-2.1396842,-1.9653921,-1.8598702,-1.3914595,-0.7452264,1.3411367,2.1808043,2.4385955,2.336698,1.4573034,0.8461826,0.64333135,0.585509,0.47178337,0.40579134,0.41748485,0.5354682,1.0411701,4.8010283,8.830543,11.156447,11.981321,12.183894,12.232007,12.294216,12.321044,12.259474,12.102319,11.796919,10.850824,9.126446,4.612336,0.57759917,-0.7087319,-1.587713,-1.8762856,-1.726265,-1.2809918,-1.3327713,-1.4845741,-1.5788285,-1.5233344,-1.8142949,-2.070885,-2.2264285,-2.4180782,-2.3320785,-2.2835493,-2.2191265,-2.0946867,-1.6516718,-1.2202533,-0.8497748,-0.69024605,-0.88309765,-1.4920332,-1.8223166,-1.6561344,-1.4653904,-0.8976159,-0.61274695,-0.48517495,-0.6108529,-0.9851314,-1.0673695,-1.2736931,-1.4967945,-1.5759103,-1.6853845,-1.6674739,-1.3179531,-1.3033253,-1.4316682,-1.5618224,-1.1548952,0.8941147,3.593566,5.163706,6.432562,7.1156793,7.37514,7.3643084,6.829007,4.216788,0.5244535,0.15322386,0.51282483,1.0471423,1.5534861,1.6980915,1.1354277,0.29973596,0.07836133,0.19863962,0.39952892,0.24612892,-0.00025901943,-0.09422619,-0.1471189,-0.0013315976,0.24655974,0.35099012,-0.059818633,-0.98765874,-1.1504816,-1.1001579,-1.3017361,-1.6754937,-1.6604434,-1.5238881,-1.538835,-2.3824897,-3.0456474,-3.0888991,-2.9338446,-2.673832,-2.520853,-2.4516985,-2.401215,-2.3721123,-2.2979445,-2.2491624,-2.280566,-2.292109,-2.1561377,-2.091308,-2.0317023,-1.9887583,-1.8464651,-1.3091785,-0.9549177,-1.0591854,-1.1850142,-1.1751547,-1.1930538,-1.1357912,-1.2165374,-1.2268593,-1.1467177,-1.0870669,-0.9680537,-0.9626954,-0.9880158,-0.89213574,-0.9757461,-0.81779957,-1.7704265,-2.0346441,-1.6492854,-1.48633,-1.559789,-1.5747638,-1.2958318,-1.4010282,-1.2397722,-1.1783056,-1.3679044,-1.4730878,-1.9177378,-2.816284,-2.972778,-2.9092622,-2.2454603,-1.1167623,0.053118795,0.5222616,0.2129337,-0.36725083,-0.83239096,-1.422219,-1.6528459,-1.5512276,-1.5427732,-1.5086732,-1.839153,-2.1452935,-2.5164495,-2.9809318,-3.166997,-2.6250284,-2.250932,-2.0744393,-1.551285,-1.2147877,-1.0143957,-0.94817543,-0.95488906,-1.0054368,-1.1801974,-1.2378664,-1.1535568,-0.8311023,-0.29424053,0.19930814,0.36964732,0.12091954,-0.66505206,-1.2984016,-1.4204096,-1.3559202,-1.1252108,-0.791786,-0.45015204,-0.146216,0.93073523,1.378803,1.5803027,1.5207715,1.2557192,1.0561371,0.6784458,0.5954315,0.5319213,0.46026817,0.25855795,-0.12781326,-0.41620016,-0.59052634,-0.6257999,-0.5758145,-0.463282,-0.38694918,-0.29694685,-0.2439255,-0.3589075,-0.45916218,-0.5768017,-0.6485433,-0.7808453,-0.8958696,-1.1069546,-1.6504804,-1.9949545,-2.143386,-2.2729716,-2.3157432,-2.3373046,-2.4953966,-2.6024642,-2.4532232,-2.2852015,-2.1148257,-1.9443796,-1.7030108,-1.7799091,-1.8716481,-1.8855003,-2.0833993,-2.0827127,-2.09691,-2.1694965,-2.240367,-2.7625155,-2.762099,-2.7624674,-2.7618115,-2.7626822
-5.7123094,-5.7115755,-4.6529207,-5.71976,-5.6979084,-5.7569146,-5.7396955,-5.75457,-5.315486,-4.6499147,-4.012906,-3.437742,-3.2152035,-3.2547076,-3.2513242,-3.0689821,-3.040834,-3.0342035,-3.0334423,-3.0276618,-3.055789,-3.09718,-3.1248336,-3.1947978,-3.294971,-3.4665241,-3.7286687,-3.8891988,-3.835677,-3.509554,-3.7639546,-4.240019,-4.5552187,-4.87214,-5.166839,-5.371818,-5.487434,-5.683984,-5.789052,-6.046609,-6.07819,-6.009554,-5.902554,-5.439494,-4.946507,-4.975751,-5.048829,-5.0444865,-4.4064627,-3.8654828,-3.7402225,-3.6130226,-3.5947354,-3.2753475,-3.465869,-4.10168,-4.4635777,-4.692093,-4.7835126,-4.7294264,-4.2454357,-3.97956,-3.3554344,-2.593311,-2.4229774,-2.5618343,-2.5494123,-2.4293704,-2.3361359,-2.2362256,-2.2031476,-2.3723137,-2.6179552,-2.7543845,-2.410098,-3.3188143,-4.4367714,-4.5123506,-4.255024,-3.83681,-3.6259272,-3.1766763,-2.9029531,-2.7954578,-2.78592,-2.8763587,-3.337144,-3.48421,-3.528707,-3.5607247,-3.446173,-3.3597064,-3.2108169,-3.1480362,-3.0419903,-3.1649885,-3.3625016,-3.7978292,-4.2529545,-4.2867904,-4.286045,-4.468586,-4.443183,-4.0977173,-3.592224,-3.2817636,-2.8861384,-2.7274477,-3.3423738,-3.5367377,-3.378647,-3.1093385,-3.0156965,-3.019167,-2.6697161,-2.5868204,-2.7801363,-3.0042906,-3.2678413,-3.558111,-3.3489802,-3.1714075,-3.3182538,-3.4470801,-3.5650518,-3.7739584,-3.7669146,-3.9195056,-4.1003265,-4.002494,-3.926775,-3.6318545,-3.2474082,-3.0918343,-2.9632232,-2.9502664,-2.9763765,-2.9835982,-2.9489894,-2.9366584,-3.046209,-2.995955,-3.1452296,-3.3679466,-3.6178596,-3.9109795,-3.9489644,-4.0658646,-4.4521704,-4.764208,-4.9235096,-4.9884057,-4.8470864,-4.6274033,-4.4628277,-4.113108,-3.3417356,-3.0493772,-2.8254561,-2.6092186,-2.469431,-2.4300551,-2.4845052,-2.5164876,-2.53667,-2.5530055,-2.6586795,-2.7624555,-2.882674,-2.9874558,-3.303512,-3.7379286,-4.337767,-5.1104264,-5.512308,-5.843289,-5.718944,-5.381274,-5.158461,-5.023024,-5.0702505,-5.0186377,-4.8229113,-4.7449827,-4.560046,-4.469232,-4.2848277,-4.279042,-4.154652,-4.4346437,-4.9544272,-4.668679,-4.331637,-4.193367,-4.10125,-3.9456582,-3.8796241,-3.7588165,-3.0838852,-3.0823894,-3.2857065,-3.4901543,-3.1612957,-3.1441276,-3.654759,-4.0818615,-4.2318144,-4.1239743,-3.9945927,-3.6445053,-2.9528964,-2.4705434,-2.4353876,-2.7100534,-2.647635,-2.6286092,-2.6876054,-2.712108,-2.4035444,-1.777122,-1.6155813,-1.6271393,-1.6468747,-2.413301,-2.5730877,-2.868276,-3.26503,-3.3535461,-3.4420176,-3.497696,-3.5075307,-3.6159844,-3.848001,-3.8941789,-3.7927234,-3.3999066,-3.067916,-3.4884176,-4.1219177,-4.2701283,-3.9252625,-3.6362693,-3.6221743,-3.6022882,-3.4921918,-3.3232944,-3.0944707,-3.031465,-2.557982,-2.355232,-2.1786127,-2.4401984,-2.7833357,-2.923638,-2.9447064,-2.8620114,-2.790968,-2.7174976,-2.6751966,-2.6816654,-2.7430189,-2.8146803,-2.903747,-2.9243886,-2.9201648,-2.8898892,-2.8178134,-2.7562919,-2.7366745,-2.710957,-2.8324728,-3.0381837,-3.3977585,-3.6950111,-3.8500106,-3.9520607,-4.030592,-4.1576977,-4.220523,-4.3396525,-4.456565,-4.6307344,-4.7823896,-5.1327405,-5.345827,-5.4011993,-5.3457165,-5.3968477,-5.458581,-5.523167,-5.547003,-5.482028,-5.4469795,-5.521656,-5.5279665,-5.5113287,-4.6528764,-4.6548967,-4.6537313,-4.6555457,-4.6525884
-0.2595339,-0.34299278,-1.0564498,-0.44234872,-0.5235827,-0.422887,-0.405762,-0.45727015,-1.2929149,-1.9855279,-1.8621008,-1.5360856,-1.609539,-1.4135513,-1.2246737,-1.6024992,-2.0275743,-2.1434245,-2.090524,-2.0263798,-1.9268341,-1.8512672,-1.7661185,-1.8172243,-1.8311937,-1.9328451,-1.9120171,-1.719918,-0.9751337,-0.0011841059,2.1001587,3.2136774,3.143643,2.8455236,2.149676,1.7338042,1.8526971,1.4004558,1.4178147,1.0342039,0.96337485,0.98275125,1.0037717,1.001657,-0.47551265,-1.2910795,-1.3604679,-1.0566603,-0.761113,-0.59095293,-0.7658027,-0.92957497,-1.0790418,-1.3519294,-1.1780236,-0.8257308,-0.6704721,-0.6907422,-0.78260076,-0.8049143,-0.7970854,-0.9272724,-1.4107232,-1.6901169,-1.3658413,-1.1331216,-0.84662676,-0.7860311,-0.76064795,-0.71604013,-0.697441,-0.7263334,-0.6963288,-0.17143571,0.59011894,1.1628313,1.6037183,1.6398365,1.0453129,0.28407243,-0.13988023,-0.64159656,-0.8793637,-0.9081414,-0.8989206,-0.8743806,-0.99365246,-1.0113556,-1.0114582,-0.90655386,-0.80678934,-0.9581887,-1.1746397,-1.2564778,-1.4317997,-1.5470114,-1.4599006,-1.1908759,-0.6825283,0.049021646,0.060646027,-0.22044387,-0.5939924,-0.74969864,-0.7157076,-0.76125634,-0.8409584,-0.68011445,-0.10149136,0.68287176,1.3675767,1.3217617,1.0901556,0.50759363,-0.7941229,-1.1561948,-1.1945684,-1.069414,-0.9749378,-0.6046329,-0.42135596,-0.28642005,-0.26551405,-0.38848513,-0.4930007,-0.35588387,0.15065795,1.257211,2.235191,2.3306787,1.6513155,0.78766495,0.047178,-0.45357192,-0.4367291,-0.25114012,-0.09079987,-0.0051475763,-0.032625973,-0.1220845,-0.41766813,-0.8380756,-1.233262,-1.4749656,-1.428464,-0.9748044,-0.27798778,0.5026351,1.2594147,2.6787481,3.954114,6.110864,6.549512,6.306942,5.6069016,6.297804,6.0943127,5.4052963,4.821847,4.1082797,3.6809084,3.4177454,3.3155696,3.342969,3.090291,2.9501226,3.0899253,3.1128747,3.171107,3.17384,3.3150249,3.3855538,2.9744546,1.6171488,0.7073597,0.2056506,-0.4456351,-0.7233413,-0.72212327,-0.6720105,-0.45561057,-0.49938864,-0.48444873,-0.4036184,-0.32755774,-0.35516447,-0.3580575,-0.71746194,-0.9019642,-0.6398026,0.8305005,1.3218832,1.2084901,1.1354914,1.0786939,1.1577098,1.2119238,1.3439751,0.7662987,0.32836822,-0.10198045,-0.42126414,-1.6526147,-2.1412625,-1.8389791,-1.4229535,-1.3269109,-1.2836213,-0.9807929,-0.72006,-0.47906825,-0.35614657,-0.3647295,-0.5354848,-0.87441397,-1.1184893,-0.8677928,-0.09407367,2.0951061,5.171164,6.662209,7.903838,9.313465,11.21665,11.32438,11.210673,10.1941185,9.309587,8.6202135,7.5978603,6.5974035,5.046607,3.0347872,1.593667,0.60802734,-0.34792522,-1.1159499,-1.6257008,-1.5530748,-1.0198174,-0.37872118,-0.27566025,0.12978466,0.5316472,0.7222082,0.46230444,0.089779556,-0.4638199,-1.3435247,-1.591653,-1.6070795,-1.6202254,-1.6435839,-1.5558525,-1.3764814,-1.1966801,-1.0648972,-0.98331666,-0.98060864,-0.93444,-0.9317558,-0.8378416,-0.68601406,-0.5154651,-0.339915,-0.24851477,-0.22393599,-0.20443466,-0.20745055,-0.13501793,-0.028022826,-0.036726862,-0.16372325,-0.5560528,-1.0436469,-1.3508881,-1.1774288,-0.69678277,-0.3139676,-0.11061269,-0.23104268,-0.2834396,-0.14415953,-0.0882445,-0.2490277,-0.24203986,-0.108930975,0.0044184625,0.012876451,0.116206795,0.16908413,0.20819736,0.26430053,0.22489148,0.0945276,0.000271976,-1.0565652,-1.0592601,-1.0578203,-1.0597422,-1.0562589
-0.7728926,-0.7203705,-1.5437534,-0.73606545,-0.7094811,-0.6413903,-0.61810577,-0.2732913,1.0289012,2.6217868,3.6216335,3.985858,4.1226044,4.0943613,4.4884233,5.1991267,5.6272116,5.940092,6.0056853,6.081076,6.178433,6.198352,6.261619,6.4143386,6.5268874,6.65263,6.718702,6.626876,6.179777,5.5803723,3.134131,0.48899776,-0.35650283,-0.6730099,-0.9348818,-0.87974656,-1.4977417,-1.3595319,-2.012963,-1.6264992,-0.94824374,-0.87652963,-0.91503143,-1.2207487,-1.487333,-1.0684775,-0.67094326,0.037160993,0.5636133,1.4553543,2.1972733,2.310663,2.1893082,1.168126,0.40524015,0.0872128,0.047511995,-0.099453986,-0.20765132,-0.24458659,-0.21569574,0.017355025,0.5015798,0.9449737,1.4113308,1.7623857,1.9304011,2.0108137,2.010159,2.0049453,2.0140293,2.0693965,2.160545,1.5394721,0.8152964,-0.7249973,-0.60455275,-0.30897453,0.32839012,0.026962385,-0.20334622,-0.19292985,-0.4750297,-0.8158786,-1.0867283,-1.4348608,-1.8718212,-1.8378799,-1.6732986,-1.1130161,-0.026384175,0.4173096,0.8765272,1.3782951,2.1734502,2.9213111,3.2351258,3.1704354,2.816736,2.2927644,2.1201377,2.360429,1.8523612,1.0872378,0.52392834,0.5199195,0.23402157,-0.30922896,-0.2361063,-0.2520795,-0.62004614,-0.78836304,-0.89110076,-1.0118206,-0.7920892,-0.7246885,-0.76899296,-0.7279131,-0.42133078,-0.08845359,0.41417134,1.0338097,1.8513707,2.2979498,2.5251493,2.5443113,2.0734944,1.0035933,-0.24592324,-0.23815908,-0.06327115,0.28513226,0.88051784,0.9928011,0.6105309,0.21161427,0.06774401,-0.15425809,-0.28769487,-0.29449797,-0.23155497,-0.02655624,0.23987272,0.38911086,0.5789382,0.9542735,0.8704128,-0.2302032,-0.6259884,-0.8100823,-0.9272418,-0.6064353,0.097228184,0.59886795,0.5964812,-0.21215495,-0.8582599,-0.84203744,-0.71619046,-0.58073664,-0.51112825,-0.5129133,-0.48265594,-0.4901202,-0.4149306,-0.35727346,-0.37725514,-0.3663001,-0.36960107,-0.34345645,-0.21977355,-0.09819579,0.028056182,0.3955015,0.67283684,1.0653805,0.7515779,0.38872796,0.33538136,0.67469484,0.6785707,0.60503685,1.0697538,1.3189054,2.2579193,2.3589098,2.5808177,3.1337287,3.4041317,3.5970244,0.81142014,-0.78259313,-0.48191056,-0.4992825,-0.8136819,-1.2979126,-1.1862017,-1.312804,-1.2525588,-0.9745134,-0.88182056,-0.8216868,-0.8177184,-0.87391037,-0.849771,-0.6104207,-0.059110433,0.117431104,0.09666854,0.17571253,-0.0010872483,-0.21704899,-0.5044801,-1.2851062,-1.3968477,-1.2782371,-1.3793228,-1.5803356,-1.9616377,-2.5055099,-2.5296216,-2.6181831,-2.726842,-1.691099,-1.180701,-0.9280217,-0.3827106,-0.24020097,-0.22033218,-0.3429199,-0.3759706,-0.23534566,-0.54320204,-0.9298297,-1.2044479,-1.4802785,-1.3299531,-0.84249145,-0.66333824,-1.1909177,-2.0781908,-2.373534,-2.1542406,-2.230129,-2.0962732,-1.6856482,-1.5030282,-1.4667897,-1.3556329,-1.2377889,-1.2760437,-1.464421,-1.5418482,-1.6069404,-1.7412119,-1.747288,-1.710697,-1.5415366,-1.3954,-1.2516114,-0.9738125,-0.76202095,-0.6376087,-0.6310796,-0.711142,-0.74443674,-0.74321616,-0.7298474,-0.708133,-0.7193179,-0.85683733,-0.883445,-1.0215662,-0.9967996,-0.924832,-0.94309354,-1.1668909,-1.2569895,-1.2681783,-1.3043427,-1.3052348,-1.4106215,-1.6373591,-1.3850186,-1.11835,-1.0523646,-1.3308289,-1.661963,-1.6451313,-1.6068935,-1.6081321,-1.5547322,-1.5952265,-1.5031532,-1.5619646,-1.4966481,-1.5435919,-1.5402731,-1.5424659,-1.540168,-1.5441558
-3.2735746,-3.3019252,-2.225614,-3.338747,-3.2910638,-3.2674515,-3.1876879,-2.9673142,-2.7433026,-2.5500288,-2.151858,-1.7406554,-1.5579753,-1.4545052,-1.46115,-1.4705311,-1.5775385,-1.6212556,-1.6607285,-1.6768911,-1.7198896,-1.7791085,-1.829678,-1.8408778,-1.881449,-1.9658337,-2.1466913,-2.2462327,-2.3265219,-2.3234797,-3.0936794,-3.6284156,-3.7134228,-3.637126,-3.5060332,-3.313943,-3.5219452,-3.5908432,-3.4991746,-3.431074,-3.1811948,-2.9875126,-2.8564882,-2.5497227,-2.6289487,-2.9939685,-3.2945044,-3.132475,-2.6080124,-2.0294907,-1.6648724,-1.5938233,-1.7044556,-1.6875663,-1.7809553,-1.775658,-1.7976803,-1.9376129,-1.8900156,-1.7329754,-1.122299,-0.79027283,-0.50685966,-0.97631526,-1.5222853,-1.8335185,-1.9216553,-1.883115,-1.8485271,-1.7463092,-1.6419907,-1.7157807,-1.8725177,-2.0542495,-1.8598425,-1.694144,-1.6923249,-1.2985202,-0.9029226,0.100860186,0.55428505,0.4179373,0.16066496,0.005590476,-0.20032392,-0.51029533,-1.006899,-1.3798139,-1.3206259,-1.0491292,-0.16570638,0.31048074,0.653405,0.75782716,0.9650638,1.0723215,1.042599,0.55271286,-0.21832672,-0.79242355,-0.75037885,-0.6762296,-0.63773096,-0.4053769,-0.3161218,-0.4172844,-0.26874027,-0.1075829,-0.61020786,-0.780319,-0.76952416,-0.7707935,-0.75446075,-0.5731398,-0.93716615,-1.6999253,-2.5494387,-3.025063,-3.2589562,-2.9158478,-2.094654,-1.8353592,-1.7787888,-1.7245231,-1.725122,-1.7606575,-1.7823478,-1.9062238,-1.7752404,-1.2493525,-0.534915,-0.33781093,-0.25081867,-0.023573458,0.5735935,1.1772474,1.4529564,1.7515496,2.2204993,2.2899742,1.8090451,1.42475,0.96796155,0.4740218,-0.18038633,-1.1133734,-2.0091348,-2.3430245,-2.4501462,-2.5534399,-2.737041,-3.125235,-3.2200968,-2.990748,-2.8095107,-2.5948517,-2.35424,-2.272166,-2.1963282,-2.0746872,-2.0321302,-2.0067298,-2.0207517,-2.0113628,-1.9984798,-1.971529,-2.0293458,-2.1075692,-2.14507,-2.173901,-2.2887704,-2.4716969,-2.8259282,-3.497211,-3.698432,-3.6499197,-3.5083542,-3.2536006,-2.9827464,-2.6196942,-2.335205,-2.233986,-1.9688573,-1.8682702,-1.6266954,-1.5220964,-1.3577265,-1.4042118,-1.9414183,-2.616546,-2.4244046,-1.985139,-2.1234224,-2.0206723,-2.0355144,-1.7744582,-1.6128156,-1.5587921,-1.237463,-1.4970675,-1.8276088,-1.9704807,-1.8825147,-2.73647,-3.2859287,-3.3817544,-3.0084848,-2.6781857,-2.5091362,-2.230495,-1.5538051,-0.9127377,-0.56176233,-0.6443418,-0.54833853,-0.6668128,-1.0221782,-1.4331135,-2.1346998,-2.4161553,-2.3831253,-2.1624937,-1.7216294,-0.58021724,-0.0043466166,0.024289772,0.253936,0.2503218,0.2963564,0.30610296,0.24115345,0.14216563,-0.07458484,-0.2977358,-0.44121924,-0.61495376,-0.85866183,-1.286918,-1.8703127,-2.3681097,-2.7832196,-3.0410216,-2.8367844,-2.3625631,-1.7395158,-1.2011597,-0.89238125,-0.9259853,-0.68390465,-0.5063997,-0.37299424,-0.39768863,-0.429744,-0.4360324,-0.33600235,-0.11298897,0.03026392,0.1648297,0.167227,0.077576436,-0.06637953,-0.122067094,-0.15843302,-0.16323817,-0.09599689,0.025016516,0.22515185,0.40643695,0.5206571,0.49200046,0.22638027,-0.06606595,-0.4242596,-0.7818489,-1.1181357,-1.4343485,-1.6343598,-2.077527,-2.2495542,-2.3366468,-2.4765391,-2.6823876,-2.8352828,-2.8857026,-2.8307123,-2.75101,-2.5356152,-2.257813,-2.2004128,-2.1684866,-2.1491678,-2.2050254,-2.183787,-2.2329578,-2.2638664,-2.262079,-2.2250023,-2.2231033,-2.224217,-2.2238722,-2.2251706
-0.11934869,-0.002943024,0.92758477,0.18572164,0.25838727,0.3082416,0.416462,0.87477815,1.4740052,1.5739515,2.0113678,2.2598386,2.2374392,2.1821492,2.4497519,3.0015686,3.372457,3.5790467,3.588437,3.5741086,3.5729203,3.597015,3.6789455,3.7489016,3.8292542,3.936027,3.8909643,3.4126277,2.4162202,1.4018993,1.3662559,1.4654804,1.3540702,1.5816166,1.7442935,1.9557855,1.6040083,1.4667239,0.8813894,0.7370431,0.41271758,0.21912447,0.2154117,0.16675584,-0.09743394,-0.10521737,-0.20438698,-0.5618442,-0.8758495,0.17271745,1.3635293,1.434207,1.511728,0.85879725,0.684225,0.78881514,0.8908402,1.0814344,1.1207775,1.1915851,1.0655674,1.2301956,1.6206827,1.0948523,1.1084304,1.8972094,2.3742266,2.4465222,2.3885946,2.3419805,2.3240166,2.3538632,2.2927682,1.823195,1.5155462,1.3846014,0.866707,0.8736944,1.6913185,1.3463327,1.3573089,1.2885535,1.2047856,1.1442173,0.9117657,0.5782811,0.5318797,0.3815173,0.14114267,0.10353199,0.07973218,0.22444628,0.399555,0.59936,0.8179922,1.1579862,1.6122772,2.2528796,2.7630744,1.9867737,1.3074124,1.5927637,1.6744092,1.0605975,0.8842288,1.0615834,0.91351867,0.6450929,0.7573513,0.21493721,-0.42253098,-0.6345277,-0.58560944,-0.6518763,-1.1825182,-1.3256328,-1.0205479,-0.9138539,-0.89090437,-0.9941717,-0.6115651,-0.025771677,0.74105287,1.1658707,1.434571,1.4800103,1.1627036,1.0699515,0.3486557,0.36733478,1.1265305,1.9394283,2.4586475,2.7853305,2.798911,3.0016994,3.2789,4.183366,5.456353,6.96095,8.362497,9.489769,10.288974,10.860926,11.284101,11.274987,10.165622,8.585727,6.916913,4.37593,3.2303708,2.2854738,2.398406,2.6416588,2.846437,2.3278847,1.7585201,1.7240311,1.6826568,1.7709005,1.7950815,1.699171,1.60832,1.6409607,1.6052806,1.6027429,1.4947563,1.3880848,1.406038,1.3909645,1.528839,1.6774483,1.8444722,1.9000562,1.8676809,3.1811676,5.554262,6.619948,7.093948,7.4678516,7.426276,7.526286,7.752035,7.8551574,8.134396,8.234764,8.374425,8.423987,8.293258,8.511847,5.8089743,1.953515,1.1835623,1.0256976,0.71092904,0.71514785,0.73065084,-0.029271923,-0.6126328,-0.34237,-0.27768725,-0.19600874,-0.79332733,-0.8975328,-0.34165573,-0.30081534,-0.24927612,0.05557938,0.6781838,0.99472225,0.5016091,0.07537708,-0.16180322,-0.3076128,-0.1102567,0.107810244,0.26471713,0.28723246,-0.18290624,-0.81787246,-0.5681868,-0.4913479,-0.31644347,0.84214264,1.4565132,1.9225541,2.8169355,2.8713121,2.8376265,2.894123,3.1424005,3.6782603,4.2927957,4.6525326,5.3039217,6.839557,8.607847,9.917316,10.473699,10.471928,9.562688,8.131979,6.162409,4.657836,2.1207378,0.62368935,0.46241674,0.46918243,0.19945529,-0.08707722,-0.19555306,0.2743583,0.84910285,1.1163785,1.1948658,1.2695298,1.3292334,1.4477761,1.5329958,1.6049354,1.7340441,1.9154465,2.1308208,2.339059,2.4933014,2.6324654,2.754212,2.8572426,2.9068708,2.8579988,2.8553681,2.7889733,2.3022027,1.9916675,2.027543,2.266828,1.4693881,0.2993821,-0.26425502,-0.3654453,-0.66839707,-0.86024165,-1.2435064,-1.1857065,-0.8144618,-0.6836902,-0.76911175,-0.48511314,-0.26515612,-0.2266118,-0.14432639,-0.21731469,-0.1580507,-0.18108559,-0.2529096,-0.3090971,0.9268364,0.92357236,0.9253197,0.9237883,0.92720103
-2.2049332,-2.3602734,-1.2282683,-2.422839,-2.3851566,-2.3030813,-2.2592425,-2.0412235,-1.0590826,0.31580007,1.3169218,1.80608,2.2180963,2.038102,1.7006907,0.34056202,-0.5685398,-1.0362937,-1.2368405,-1.2720481,-1.3451574,-1.3743978,-1.4243219,-1.5163438,-1.5778253,-1.6895475,-1.8038623,-1.7137866,-1.316901,-0.9048914,-1.2951832,-0.6835702,-0.11081052,-0.04306066,-0.72057223,-1.3439634,-1.2383041,-1.2474076,-0.6148186,0.11492586,0.17431703,0.20621657,0.3870696,0.97616446,0.8385959,0.11626625,-0.3845535,-0.3944236,0.21409932,0.20128754,-0.35478008,-0.47200334,-0.2589386,0.19757468,0.063501135,-0.33671322,-0.6040692,-0.67414474,-0.56591904,-0.5299846,-0.16662991,-0.34077814,-0.76271117,-0.8298193,-1.0837303,-1.4769576,-1.7102009,-1.7683815,-1.7746806,-1.8356386,-1.9031407,-1.9675353,-2.0355601,-1.6868508,-1.5735787,-1.9047606,-2.0484037,-1.9830213,-2.4358125,-2.249134,-2.2078013,-2.3771462,-2.2894118,-2.1743279,-1.9908264,-1.7330841,-1.4739991,-1.0477407,-0.92213464,-1.0850973,-1.4748001,-1.6278269,-1.8462934,-2.0702047,-2.3965673,-2.7129955,-2.9967918,-3.302476,-3.6113412,-3.3691432,-3.0470822,-2.9427953,-2.5421689,-2.1888268,-1.8508277,-1.8167756,-1.6479943,-1.3010504,-1.4804789,-1.4227338,-0.6562715,0.95228744,1.0252655,0.85025257,1.0630274,0.8679079,0.30604336,-0.115579635,-0.4116446,-0.4226122,-0.44001168,-0.42404497,-0.6760117,-0.8107556,-0.8250082,-0.666772,-0.41081724,-0.89131564,-0.661134,-0.4434922,-0.5555533,-0.2825911,-0.529436,-0.6213802,-0.5620719,-0.6442693,-0.6325506,-0.4831144,-0.55290824,-0.86575705,-1.3136451,-1.704533,-2.006181,-2.315702,-2.5582914,-2.6474514,-2.3777318,-2.1034136,-2.2008812,-1.856771,-1.6043736,-1.8082575,-2.3227277,-2.3775077,-2.5056152,-2.489596,-2.4079967,-2.448019,-2.5566506,-2.7021265,-2.7147522,-2.6977215,-2.7159338,-2.7547882,-2.8080525,-2.8267565,-2.795603,-2.7806401,-2.9642565,-3.0872746,-3.2659097,-3.4027982,-3.4169579,-2.938829,-2.4808855,-2.2408109,-2.0391011,-1.9030066,-1.8127532,-1.5560768,-1.3269126,-1.2111428,-1.2691283,-1.3387004,-1.5558487,-1.672715,-1.8476859,-2.196325,-2.3155541,-2.6019313,-1.3694179,0.0019021332,0.6648174,1.5739619,3.014565,6.423687,9.69958,11.511285,12.357532,12.500553,12.219442,11.660561,8.95747,3.2543645,0.25486344,-0.76035565,-1.2286148,-1.6530836,-2.1610603,-2.2921157,-2.0841777,-1.8566769,-1.7652413,-1.3477395,-1.1696618,-1.2167459,-1.2318207,-1.506294,-2.1246524,-2.4903374,-2.766813,-2.2191641,-1.2344604,-0.12413317,-0.41646358,-0.6698554,-1.3705266,-1.9319022,-2.3247638,-2.6703389,-2.7838874,-2.7484245,-2.5888584,-2.3876874,-2.2506993,-1.9868402,-1.8335094,-1.7367272,-0.74471277,1.2380099,4.955696,7.510017,8.788535,9.005617,9.673252,10.246332,10.533869,10.344126,9.377612,8.283898,6.6022186,4.244049,2.303022,1.50982,1.1756539,0.92548954,0.8663101,0.7203578,0.74213445,0.73286986,0.42442918,-0.075106725,-0.5346452,-0.88835406,-1.1134005,-1.344794,-1.5164176,-1.6102173,-1.6952026,-1.777736,-1.8275316,-1.856525,-1.8156109,-1.8153065,-1.7228086,-1.4140286,-0.7587909,-0.24585068,-0.122680925,-0.13383831,-0.041906014,-0.24832806,-0.47383255,-0.90129983,-1.1635637,-1.2659477,-1.4576634,-2.3776722,-2.717701,-2.87461,-3.0759602,-3.14705,-3.1959305,-3.1855965,-3.2149122,-3.273593,-1.2293721,-1.2354329,-1.2319198,-1.2349114,-1.2285603
-1.3573676,-1.2677518,-1.5822911,-0.9929939,-0.9910628,-0.9260404,-0.9222695,-0.9527248,-1.5494725,-1.5526304,-0.831932,-0.42390797,-0.15022075,-0.2340096,-0.34960997,-0.99330646,-1.5600889,-1.8371017,-1.9089174,-1.9317502,-1.983014,-1.9797541,-2.0444107,-2.1590786,-2.2495975,-2.4093935,-2.58014,-2.8278995,-2.840887,-2.3442774,-0.89509606,0.56076396,1.0242872,0.84070754,0.017629966,-0.5696639,-0.2720552,-0.5005028,-0.41481823,-0.22710063,-0.6022571,-0.83971477,-0.8841744,-0.5411719,-0.7287518,-1.1699235,-1.3904457,-1.6592754,-1.2551624,-0.9327115,-1.1918478,-1.318722,-1.3069751,-1.014756,-0.90411603,-0.7840426,-0.7876208,-0.7914629,-0.7850142,-0.77838975,-0.56895334,-0.87396634,-1.029882,-0.6356279,-0.5159272,-0.9111812,-1.2152925,-1.3349104,-1.3797199,-1.4424384,-1.5173534,-1.6280544,-1.8695663,-1.735369,-1.8406014,-2.3718305,-2.3669124,-2.1487982,-1.9089165,-1.3969947,-1.430446,-1.7088829,-1.8737137,-2.018056,-2.125689,-2.2950385,-2.6205997,-2.6739593,-2.5391629,-2.3808806,-2.2211306,-2.2311563,-2.172082,-2.1653233,-2.2323909,-2.2971697,-2.4538698,-2.6611972,-2.845398,-2.6568637,-2.5812697,-2.810039,-3.1453862,-3.5804806,-3.5823908,-3.4786673,-3.1838384,-2.7250035,-2.9497452,-2.8891575,-2.2652817,-1.6344547,-1.6277958,-1.6016096,-1.7504454,-1.6466879,-1.2756063,-0.9765163,-0.78699875,-0.76431847,-0.88249576,-0.7239518,-0.87717575,-1.1413853,-1.3991568,-1.6559093,-1.7083485,-1.0662904,-0.3053909,-0.6940721,-1.3692809,-1.8192618,-2.3435044,-2.7229981,-2.6066327,-2.6121256,-2.5434442,-2.3064082,-2.0225525,-1.6873859,-1.607599,-1.6142459,-1.6867688,-1.7665086,-1.8820463,-2.1133137,-2.1681154,-2.0580595,-2.278188,-2.0102293,-1.4297142,-0.59204865,-0.7994532,-1.1229227,-1.3135803,-1.1927745,-1.1749305,-1.2751284,-1.3840065,-1.5484543,-1.6134803,-1.6412094,-1.6669545,-1.7075589,-1.7934813,-1.8321997,-1.7432041,-1.6823562,-1.7973151,-1.8697745,-1.9309134,-1.9236951,-1.8029776,-1.4684002,-1.1959469,-1.2399275,-1.6579571,-1.7856088,-1.929445,-2.0357895,-2.023493,-1.9272511,-2.009122,-2.0624025,-2.0499158,-2.1411557,-2.2860646,-2.747344,-3.04557,-3.418443,-2.847283,-1.8761451,-1.3627275,-0.77961683,-0.23921943,0.08829248,0.13292369,0.8532777,1.3751148,1.3125558,1.033669,0.66254693,0.26516393,-0.5198988,-0.8652245,-0.88375413,-0.9376699,-1.1249404,-1.4206583,-1.3240838,-1.2287269,-1.3748761,-1.7877622,-1.8317327,-1.994601,-2.2862592,-2.2806304,-2.1637905,-1.4232213,0.16407824,0.48903546,0.9381923,1.7848152,1.1978222,0.33376086,-0.10780285,-0.59069717,-0.3698941,-0.27474284,-0.35786906,-0.5485531,-0.9716516,-1.3710139,-1.4751489,-1.3897963,-1.2461857,-1.2532496,-1.6905528,-1.8253946,-1.4610559,-0.65943724,-0.07749912,0.15784085,0.1776852,-0.28875905,0.1961518,0.639369,0.64819306,0.79821503,0.8791486,0.8141677,0.8197671,0.5096255,0.23809817,0.19879408,0.20267585,0.25287116,0.26772618,0.34014922,0.43716806,0.36242765,0.16671258,-0.01782626,-0.12465653,-0.1943768,-0.32441175,-0.43890977,-0.5375545,-0.6941918,-0.8763627,-1.0872862,-1.1427155,-1.2312458,-1.4345814,-1.66979,-1.8389994,-1.9595311,-1.9391665,-1.8372278,-2.0303226,-1.9717565,-1.7375283,-1.4898894,-1.5012236,-1.4731575,-1.3971591,-1.3812069,-1.5043545,-1.5009344,-1.4853092,-1.5509627,-1.3842068,-1.3192314,-1.3388585,-1.3527143,-1.3300972,-1.5827868,-1.5858552,-1.5839809,-1.5854988,-1.5823375
-2.063375,-2.0379736,-1.7243668,-1.951361,-1.9715798,-1.9169288,-1.941924,-2.0810542,-2.3466446,-1.775965,-1.39388,-1.1459377,-1.0897326,-1.2429376,-1.3260518,-1.715245,-1.9119992,-2.0557446,-2.0838792,-2.084925,-2.1053984,-2.0992587,-2.0886893,-2.1469283,-2.2115355,-2.3683083,-2.6309268,-3.0357716,-3.0697865,-2.4602966,-0.9240227,0.018213212,-0.1729512,-0.54947937,-1.0442603,-1.435095,-1.2240099,-1.4405597,-1.365195,-1.6723719,-1.9527421,-2.0831132,-2.1094518,-1.8020391,-1.8623486,-2.131623,-2.369951,-2.624106,-2.2438562,-2.1735961,-2.598064,-2.6409116,-2.6026895,-2.1628895,-1.8325391,-2.0221643,-2.1527948,-1.9590964,-1.6683154,-1.5081477,-1.2707411,-1.4492519,-2.077645,-2.3139777,-3.0221553,-3.593244,-3.7632499,-3.7284474,-3.690184,-3.6543326,-3.673295,-3.7598085,-3.8209476,-3.38131,-2.2655077,-2.087193,-2.3726246,-2.4742951,-2.6720228,-2.4667654,-2.1616416,-2.0043824,-1.7893654,-1.6336873,-1.4921594,-1.4416182,-1.8731778,-2.07081,-1.8915114,-1.6051223,-1.4083561,-1.5222942,-1.665894,-1.7614758,-1.9201343,-2.1506438,-2.4683337,-2.7697022,-2.8876562,-2.4406133,-2.3552587,-2.7099311,-3.0450556,-3.3673687,-3.3344417,-3.1617448,-2.692552,-1.7780304,-1.5321934,-1.3240402,-1.2003461,-1.2283534,-1.2780788,-1.2069488,-1.3142176,-1.4800466,-1.6552131,-1.8316867,-2.0726402,-2.4955966,-2.5309193,-2.3672647,-2.5914822,-2.9601688,-3.28743,-3.601481,-3.3309813,-2.159037,-1.2659782,-1.3779619,-1.9388161,-2.4253876,-2.8002014,-3.065378,-3.0456452,-3.122408,-3.1479774,-3.2536073,-3.44507,-3.44132,-3.3339698,-3.2663093,-3.2868924,-3.3215065,-3.4039607,-3.3564596,-2.8115041,-2.4941747,-2.52881,-2.427758,-2.0133023,-0.8780264,-0.6337631,-1.054253,-1.4749646,-1.1494776,-0.37365785,-0.15581092,0.04597622,0.15525883,0.18449494,0.18100068,0.19381982,0.14474297,0.113670975,0.10379499,0.11050877,0.10438177,0.016089082,-0.03072387,-0.15521523,-0.28413782,-0.24663714,-0.54023105,-0.7509732,-1.2223345,-1.7981211,-2.0043004,-2.2250574,-2.6307054,-2.988138,-3.08814,-3.1425395,-3.1890717,-3.099873,-3.1428204,-3.0871372,-3.2798939,-3.341226,-3.132143,-2.5419765,-2.1371095,-2.0064962,-2.0169182,-1.9767079,-1.9437883,-1.079684,0.025216699,0.5598618,0.4641865,0.24693885,0.10347667,-0.52171123,-1.3056283,-1.6622286,-1.985579,-2.0716796,-1.9770519,-1.8745201,-1.617593,-1.1944699,-0.92808056,-1.0524435,-1.4962069,-1.7795415,-1.9958632,-1.990192,-1.8142233,-0.94778425,0.1243335,0.14167735,0.046605915,0.15722394,-0.42703176,-0.8818834,-1.2695837,-2.15961,-2.3047001,-2.283946,-2.1971729,-2.1669114,-2.3047132,-2.3699384,-2.387232,-2.479268,-2.7274208,-2.9447799,-3.3052998,-3.7608662,-3.6915922,-2.9910026,-2.2410657,-1.768914,-1.6269737,-1.2725141,-0.82688665,-0.7496816,-0.77807134,-1.3589087,-1.6035254,-1.8023813,-2.2283826,-2.472789,-2.477954,-2.3470523,-2.2378912,-2.197129,-2.1874843,-2.1692004,-2.116699,-2.0934553,-2.0707905,-2.0800753,-2.061988,-2.0589962,-2.0562246,-2.081124,-2.126971,-2.1567976,-2.1708608,-2.246697,-2.2565918,-2.4207988,-2.6371794,-2.9316604,-3.2779574,-3.1664603,-2.803084,-2.5606122,-2.6097941,-2.4977698,-2.2282286,-1.8413993,-1.7807257,-1.7744226,-1.7534713,-1.7558153,-1.9792683,-2.1156468,-2.2037194,-2.2956712,-2.185997,-2.1512227,-2.1752572,-2.1198478,-2.0810347,-1.7245438,-1.7280813,-1.7259336,-1.7283783,-1.7241044
-1.7447653,-1.7140274,0.09154381,-1.5601629,-1.4986246,-1.1361347,-0.9673444,-0.29173884,0.4032593,1.0609162,2.4211679,3.2438936,3.252658,3.379747,3.0847523,1.6230178,0.79849744,0.39680818,0.18404758,0.1802606,0.14944416,0.14099735,0.23694688,0.22798687,0.22128326,0.14630967,-0.108311296,-0.5290891,-0.90552986,-0.8323306,-1.0744933,-0.9221284,-0.94020563,-0.89840734,-1.1307737,-1.4478321,-1.8738141,-2.1438868,-2.1724517,-1.9129283,-1.6832145,-1.6199002,-1.4213312,-0.5880869,-0.30873865,-0.88271046,-1.4819498,-1.7133417,-1.0287683,-0.76952076,-1.1321515,-1.197509,-1.0592324,-0.4576793,-0.19699019,-0.119360924,-0.13835847,0.004603982,0.3973726,0.68169755,1.1612164,0.85168517,-0.44571194,-1.2844173,-1.9649124,-2.3953562,-2.6097758,-2.5806546,-2.5105927,-2.383929,-2.341345,-2.4113913,-2.369153,-1.5188909,-0.8475052,-0.8519649,-0.9032688,-0.5117216,-0.83527744,-1.2146515,-1.6327752,-2.1943507,-2.3631961,-2.223146,-1.880061,-1.2066084,-0.3085438,0.18735713,0.7200664,1.1277423,1.0746086,0.7147742,0.20310348,-0.06552869,-0.45860994,-0.77074087,-1.1948137,-1.619197,-1.9211257,-1.6306603,-1.1913216,-1.0037072,-0.8366257,-1.1426966,-1.2680129,-1.6450682,-1.6583726,-1.2084081,-1.425885,-1.8600543,-1.8735994,-1.4744508,-1.6863823,-1.8635066,-2.2376337,-2.541581,-3.0288794,-3.1228747,-3.1996946,-3.2543132,-2.8166966,-2.3988361,-2.38842,-2.5366046,-2.559969,-2.4415073,-1.6930506,-0.8144773,-0.1745117,0.2799553,0.45384994,0.5457765,-0.1291525,-0.75866747,-0.86827314,-0.47085184,-0.14809547,0.011154801,-0.26898766,-0.5611655,-0.7891145,-0.9488883,-1.0150154,-1.1406616,-1.2766913,-1.2780619,-1.1010649,-0.85386074,-0.6645161,-0.3642274,-0.15383953,-0.5108224,-1.3311322,-1.8109034,-2.4646635,-2.2955158,-1.8375328,-1.7789093,-1.7741883,-1.7576227,-1.7949338,-1.7926224,-1.7561061,-1.7777063,-1.7941304,-1.7998147,-1.8584299,-1.9579878,-1.976884,-1.9687471,-2.041347,-2.1332827,-2.239948,-2.2910128,-1.6737559,-0.7901614,-0.076018274,0.18289912,0.31376848,0.48323387,0.53079534,0.48981148,0.68703806,0.6553384,0.8200288,0.8172753,1.0447743,0.6346326,-0.038805574,-0.33660418,0.24491258,0.459957,-0.025455177,-0.26999733,-0.47297966,-0.37796623,0.27852812,0.9462645,1.2900134,1.1568221,0.951173,0.754065,0.21998268,-0.83740646,-1.5436385,-1.9332571,-2.010809,-2.0179367,-2.2426426,-2.3330371,-2.2512665,-1.8709915,-1.4267786,-0.91889524,-0.65195334,-0.62560284,-0.47563174,-0.3438162,-0.25309342,-0.5153685,-1.1090021,-0.70746315,0.31426919,1.6611538,1.3145974,0.69878316,-1.285703,-2.4440198,-2.8433552,-2.995853,-2.9695492,-2.8485885,-2.4098535,-1.9635457,-1.7473903,-1.6813176,-1.6682562,-1.8758821,-1.9723518,-1.4430368,-0.51944715,-0.020726457,-0.28402948,-0.4479257,-0.27839592,-0.31000096,-0.5608238,-1.0154079,-1.4434183,-1.3923972,-1.5136305,-2.1753361,-2.7049284,-2.8497896,-2.7519753,-2.6199846,-2.5058956,-2.4082987,-2.3201833,-2.1416807,-2.0044527,-1.9487785,-1.9660406,-2.0103192,-2.059226,-2.0590987,-2.062242,-2.054844,-1.9759984,-1.9365616,-1.906987,-1.9143634,-1.978967,-2.059339,-2.1413116,-2.0813053,-1.615546,-1.3706614,-1.3055524,-1.1342783,-1.0798466,-1.2759721,-1.4388329,-1.7714382,-1.8258218,-1.7965734,-1.7735168,-1.5135864,-1.1931974,-1.0275459,-0.7837415,-0.57580465,-0.553685,-0.46250534,-0.42864022,-0.29046047,0.0916052,0.09133503,0.09155281,0.0907353,0.09180634
-1.484992,-1.352361,-1.1272748,-1.2281702,-1.2116667,-1.2357467,-1.3030732,-1.2987374,-1.2092358,-1.0104306,-0.87036467,-0.83013666,-0.64925706,-0.6578217,-0.7617512,-0.6628225,-0.39058772,-0.2513206,-0.23855874,-0.25774577,-0.28426293,-0.28096417,-0.30598125,-0.29525834,-0.30790263,-0.3200591,-0.39167053,-0.41004616,-0.62411255,-0.70334846,-1.9728892,-3.1388454,-3.0957112,-2.9440198,-2.5937786,-2.3724134,-1.9171977,-1.6277664,-1.8165497,-1.8608696,-1.759285,-1.7354894,-1.7982965,-1.7370179,-1.3196177,-1.1676896,-1.3599446,-0.960327,-0.911952,-2.6321306,-3.3184097,-3.5044658,-3.5798464,-3.0328941,-2.2456622,-1.501607,-1.1366222,-1.0824432,-1.083801,-1.1222622,-1.1972908,-1.0530276,-1.2235132,-1.1090543,-1.3214344,-1.2703098,-1.087416,-1.085192,-1.0915864,-1.1462834,-1.2238132,-1.2794707,-1.0939859,-1.2330263,-1.5790186,-1.8634168,-1.4083,-1.3506757,-1.2504648,-1.1628547,-1.148047,-0.47935694,-0.06104608,0.10364857,0.11775656,-0.047391966,-0.0967527,-0.06737408,-0.36550757,-0.74326843,-1.1678972,-1.2584484,-1.0927131,-0.94968224,-0.8553861,-0.70808953,-0.62647235,-0.44277322,-0.4229795,-1.1823126,-1.3584299,-1.1757782,-0.7159866,-0.42732185,-0.95420027,-1.3368292,-1.5614495,-1.3489523,-1.2586629,-1.5738678,-1.764826,-1.6463963,-1.4693347,-0.8763316,0.038958967,0.27954602,0.017665446,-0.49238536,-0.90432656,-1.2200619,-1.1373394,-1.3637112,-1.898243,-2.194696,-2.288363,-2.3266585,-2.3306203,-2.616396,-2.9048712,-2.9575493,-2.629627,-2.0873044,-2.0945606,-2.4934843,-3.02178,-3.2777653,-3.40582,-3.5243742,-3.4108682,-2.9072661,-2.3131688,-1.9099776,-1.5870727,-1.2527082,-0.93011326,-0.86007154,-1.2332203,-1.8034846,-1.9259717,-1.9524467,-2.0428557,-2.1025083,-1.9558235,-1.8244349,-1.877107,-2.1040144,-2.1864133,-2.0775454,-2.0113716,-1.8906485,-1.8140364,-1.745282,-1.7926242,-1.7663717,-1.7134552,-1.6612116,-1.7120193,-1.7570949,-1.8433661,-1.8813787,-1.9344577,-1.9935683,-2.0333517,-1.5641454,-1.034318,-1.3615042,-1.8402785,-2.1691177,-2.4716413,-2.6749291,-2.7629626,-2.752098,-2.6979942,-2.5752528,-2.3153489,-2.260111,-2.0920732,-1.7543745,-1.7263783,-2.2951882,-3.8055832,-3.6635094,-3.6290188,-3.379333,-3.070155,-2.2332368,-1.639162,-1.6837136,-1.3331068,-0.8807987,-0.5965694,-0.41435975,-0.023853555,-0.20241454,-0.50212175,-0.6873283,-0.7669043,-0.712646,-0.83021784,-0.8219342,-0.70827574,-0.74882305,-0.8794776,-0.8633237,-0.6506632,-0.4995876,-0.5862773,-0.73503464,-1.0233653,-1.711304,-2.276853,-2.3362737,-2.522508,-2.700507,-2.6910734,-2.778582,-2.6625543,-2.140821,-1.6250075,-1.0730867,-0.7128262,-0.23131365,-0.15774174,-0.49512255,-0.9068221,-1.2204556,-1.167739,-0.61448,-0.48601526,-0.9300798,-1.4324524,-1.500028,-1.8703045,-2.2483413,-2.144991,-1.5526193,-0.98494506,-0.41105103,0.2859901,0.37754315,0.3749978,0.4583761,0.85228413,1.0711164,1.1988792,1.2092628,1.1146445,1.0902839,1.1221849,1.1122708,1.121119,1.1084344,1.0329828,0.9141181,0.78799593,0.7193805,0.6500535,0.5797262,0.565491,0.570028,0.42230842,0.37950006,0.39587578,0.59958506,0.7602212,0.6664213,0.3888973,-0.041124612,-0.25584847,-0.2939171,-0.6042683,-0.86131525,-0.8456898,-0.4098077,-0.06216217,-0.04295868,-0.056687597,0.19605123,0.2606734,0.28736472,0.090729415,0.015685584,-0.0092053255,-0.024101406,-0.10560774,-0.25046176,-1.1263753,-1.1230779,-1.1249523,-1.1236851,-1.126836
-2.8932486,-3.0242283,-2.3127534,-3.115858,-3.088982,-3.0700195,-3.0185359,-2.978126,-2.4165368,-1.6572027,-1.355679,-1.1559289,-0.9530247,-1.1103221,-1.2940056,-1.714996,-2.0790615,-2.2796416,-2.3315759,-2.3419664,-2.3833508,-2.4094315,-2.461806,-2.5289838,-2.5696635,-2.6759603,-2.7671916,-2.6100483,-1.9840972,-1.5040339,-1.4941493,-0.818987,-0.57833666,-0.6153296,-0.6020586,-0.54122704,-0.41179824,-0.5146537,-0.48789495,-0.3139618,-0.33692548,-0.098516345,0.20230308,0.9124792,1.0720524,0.49331895,-0.00837855,-0.5523042,-0.7820213,-1.3378742,-1.5676358,-1.5477357,-1.3861457,-0.8555604,-0.8059686,-1.4860749,-1.9246415,-1.9026861,-1.7642876,-1.6523547,-1.3695318,-1.3196443,-0.9266705,-0.67394125,-1.151881,-1.4377224,-1.5065739,-1.5071784,-1.5161265,-1.532404,-1.5628653,-1.6476222,-1.8914658,-1.9096513,-1.4451303,-1.4047532,-2.043479,-2.2276158,-2.73181,-2.6985216,-2.2613893,-1.675792,-1.188714,-0.8852265,-0.5984406,-0.30332786,-0.3464486,-0.21157949,-0.12664306,-0.1402951,-0.32695788,-0.5168212,-0.5893516,-0.65814596,-0.6428716,-0.7306388,-0.90489405,-1.2950966,-1.8100845,-1.5551682,-1.4074998,-1.5271252,-1.216948,0.32132107,3.0025578,4.5099893,5.9964175,8.132843,8.800924,9.766983,10.985877,11.86961,12.137241,11.417507,9.061094,7.3481064,5.2562127,3.856327,2.7186842,1.8191652,1.1014436,0.49661475,-0.20134401,-0.5424964,-0.75603914,-0.80015755,-0.7421037,-0.7744719,-0.58391196,-0.5594826,-0.81681347,-0.7944091,-0.7180692,-0.34095395,0.16016105,0.5548382,0.55973864,0.22771558,-0.47526026,-1.2465554,-1.8839331,-2.241863,-2.4655097,-2.6925404,-2.8515456,-2.8594527,-2.4705102,-2.0511267,-2.297872,-2.4756145,-2.6026664,-2.9102168,-3.3103535,-3.3906145,-3.4196258,-3.079286,-2.483327,-2.4117892,-2.391706,-2.4228144,-2.4004927,-2.3493476,-2.3715918,-2.4003534,-2.4243433,-2.4712372,-2.478987,-2.438367,-2.4218032,-2.456041,-2.6128168,-2.8429286,-3.1596828,-3.5040474,-3.8031301,-4.0217,-3.6868124,-3.2584574,-2.9604747,-2.5024302,-1.9066355,-1.6195198,-1.5359757,-1.5590758,-1.845907,-1.9954005,-2.1703055,-2.4887416,-2.621043,-2.7469835,-1.6895239,-1.4378618,-1.4904867,-1.2521052,-0.839168,0.11677429,0.5724808,0.8614594,1.3505132,1.1235718,1.2901638,1.6996198,2.7388783,2.144483,0.6509028,-0.34824872,-1.1080217,-1.8867753,-2.2649107,-2.1078172,-1.2416601,-0.41612202,0.15939043,0.33960944,0.17305675,-0.042152584,-0.01714471,-0.009586021,-0.022763133,-0.2426213,-0.37871435,0.050487965,0.32890186,-1.0378404,-1.8284036,-2.1224651,-2.6060567,-2.7889528,-2.780668,-2.7331452,-2.6463335,-2.490409,-2.246984,-2.1478453,-2.1912513,-2.1175811,-2.1169229,-2.1946352,-1.854589,-1.1591549,-0.0072816163,0.78018785,1.0418224,1.1094742,1.0768063,0.9431815,0.9703332,1.1446031,1.3513875,1.3958602,1.2761445,0.6988749,-0.012699068,-0.31272328,-0.4326022,-0.4902035,-0.47352016,-0.50803375,-0.52756566,-0.570156,-0.73085505,-0.8981563,-1.0303578,-1.1022718,-1.1327174,-1.2039881,-1.2569001,-1.274726,-1.2953084,-1.295493,-1.2588642,-1.3195881,-1.488105,-1.7306669,-1.8342571,-1.7790433,-1.5707587,-1.406511,-1.4016596,-1.428841,-1.3432736,-1.4773833,-1.564049,-1.900081,-2.1670964,-2.3121548,-2.4399278,-2.8894804,-3.1897874,-3.36229,-3.4664526,-3.5461793,-3.6069183,-3.618668,-3.622774,-3.698985,-2.3134184,-2.3183064,-2.3154812,-2.3181086,-2.3127809
-1.5947783,-1.4700102,3.8610163,-1.2736537,-1.2225941,-1.3110075,-1.3197662,-1.1648873,-0.75512624,-0.21840972,0.4471866,0.6665107,0.93359673,1.2052745,0.90328264,0.20876096,-0.261032,-0.49219927,-0.6676755,-0.752128,-0.85550755,-0.8894739,-0.88934964,-0.77323836,-0.6884394,-0.5517001,-0.4341468,-0.22244266,-0.32703212,-0.6008289,-1.7398258,-2.0744185,-2.092726,-2.2281075,-2.2736433,-2.3409986,-2.6259465,-2.6350648,-2.3630595,-2.1585004,-1.8249035,-1.5189714,-1.2374899,-0.45369953,1.5614986,2.0028405,1.5180349,0.6895362,-0.5959802,-2.6501586,-2.7023444,-2.7783287,-2.7155135,-2.16631,-1.7441816,-1.1628295,-0.84699583,-0.63264316,-0.3822619,-0.2892941,-0.39334598,-0.34789324,-0.6260337,-1.1872425,-1.5572307,-1.2941613,-1.0107785,-0.90868235,-0.8001858,-0.6650582,-0.52861947,-0.5579891,-0.45855802,-0.6499257,-0.9250351,-0.51026744,0.30986363,0.51637894,0.4873158,0.66071165,0.3608225,-0.009272046,0.015693255,0.25910276,0.5212712,0.9968395,2.0979667,2.1297505,1.7831743,1.1686561,0.4497694,0.29408348,0.38092414,0.50804317,0.41592515,0.4374866,0.50182307,0.44001248,0.46371606,0.5167695,0.76051784,0.96094435,1.1692332,0.93368316,0.22002083,-0.6540601,-1.1703211,-1.3850291,-1.1930594,-1.294234,-1.3952638,-1.0666342,-0.8137336,-0.1471851,0.9900106,1.141973,0.86923695,0.5590019,0.284064,-0.069566905,-0.76331556,-1.5298995,-2.083923,-1.997813,-1.7901664,-1.4709053,-1.0527328,-0.4790731,0.13342285,0.39112347,0.5833311,0.3032467,-0.16923547,0.07475072,0.42861488,0.87112045,0.8909406,0.65180963,0.5092079,0.08118495,-0.39837158,-0.99769235,-1.3940048,-1.5584714,-1.5510982,-1.1250314,-0.6631136,-0.25786096,0.20783696,0.49504408,0.26019746,-0.1349914,0.20547566,0.6422677,0.8429266,0.56650347,-0.07088107,-0.48555404,-0.7238695,-0.8673322,-0.8633843,-0.8063791,-0.8995993,-0.85521936,-0.78865355,-0.74498904,-0.85255367,-0.9405382,-1.0051966,-1.0674553,-1.1118177,-1.3726246,-1.9037731,-2.0880094,-1.70584,-1.3943026,-1.2895504,-1.141244,-1.0318502,-0.73362416,-0.49274457,-0.42575124,-0.18503249,-0.025510672,0.15601368,0.21097134,0.2905098,0.23759156,-0.009657666,-0.12398429,0.12992936,0.022256419,-0.46387833,-0.41768804,-0.4369158,-0.17493686,0.40457615,0.4239702,0.2512464,0.36679626,0.56939685,1.0304238,2.227332,2.3791218,1.4373307,0.45591474,-0.09872311,-0.59244657,-1.1409955,-1.407822,-1.3743837,-0.98121774,-0.33031237,0.67795473,1.267323,1.2649,1.0503387,0.72861665,0.10440126,-0.34428,-0.6514509,-0.8730671,-0.709012,-0.62575555,-1.0852981,-1.5824194,-2.1932962,-2.5066872,-2.4842625,-2.3823373,-2.1201756,-1.6754884,-1.0660502,-0.54780143,-0.41634193,-0.53737646,-0.6673818,-1.0989118,-1.4249107,-1.7525532,-1.8804194,-1.7570928,-1.4446771,-1.3996547,-0.9736116,-0.5350435,-0.20854431,0.024017036,-0.0025758743,-0.145419,-0.4479797,-0.19343472,0.29649952,0.67385143,1.1936527,1.552953,1.602113,1.6736737,1.7387365,1.9513032,2.1306696,2.3989897,2.515615,2.461244,2.4422565,2.6287022,2.811809,3.0453205,3.899808,4.9610314,5.9238033,6.2931833,7.10659,8.023728,8.984114,10.213061,11.093226,11.380475,11.348963,11.223564,11.025577,10.683656,10.305986,9.831639,9.558292,9.286686,8.854412,7.851674,7.3608437,6.8918686,6.1861067,5.641103,5.3183765,5.290511,5.3214703,4.8557043,3.8626719,3.8653116,3.8639069,3.863525,3.8621426
-2.9021535,-3.1015825,-2.8825355,-3.3262968,-3.306675,-3.3254395,-3.2557364,-3.2802286,-2.9743152,-2.5864177,-2.4171863,-2.1563752,-2.0457892,-2.108124,-1.9792017,-1.9927723,-2.1046686,-2.174763,-2.1727788,-2.1501517,-2.1445944,-2.1647246,-2.1716206,-2.2419353,-2.3117762,-2.4188871,-2.4813113,-2.27103,-1.6374428,-0.9708525,-0.745634,-1.097185,-1.3741162,-1.6315557,-1.6430498,-1.6789745,-1.6652498,-1.8826199,-1.847294,-2.0769997,-2.2046027,-2.10377,-1.9713451,-1.8452137,-2.0792298,-2.1980188,-2.24456,-2.179004,-2.048398,-2.1608872,-1.9426684,-1.6947461,-1.506333,-1.0286382,-1.111114,-1.8912549,-2.3811781,-2.520457,-2.6021347,-2.6167107,-2.3953905,-2.207325,-1.527942,-1.1530092,-1.4937484,-1.7815064,-1.8084192,-1.7139361,-1.6531817,-1.5879533,-1.553601,-1.6105103,-1.7502687,-1.6295192,-1.1821661,-1.9541509,-3.1113296,-3.315154,-3.0149703,-2.2135937,-1.5522953,-1.3017575,-1.2141668,-1.1905221,-1.1753391,-1.2544999,-1.616602,-1.6309534,-1.5506328,-1.4979038,-1.2681638,-1.2066336,-1.1920248,-1.2495201,-1.2524081,-1.3534771,-1.50946,-1.8664397,-2.2653952,-2.1547556,-2.1347837,-2.3451147,-2.4857588,-2.2665408,-1.5659257,-1.105507,-0.547773,-0.048454612,-0.27645564,0.12643299,0.71461916,0.93156016,0.76351404,0.027944893,-0.30391276,-0.23453364,-0.42113402,-0.722045,-1.0006868,-1.0574565,-1.0330356,-1.0675981,-1.3621426,-1.5221965,-1.5818039,-1.4815769,-1.0241046,-0.5870473,-0.5692496,-0.7755879,-1.1843009,-1.3840449,-1.4070647,-1.1825986,-0.7727686,-0.39410067,-0.29391873,-0.3330275,-0.59103876,-0.97003657,-1.4797689,-1.7406325,-1.9738505,-2.2180533,-2.447242,-2.6371562,-2.6357584,-2.621233,-3.0248587,-3.2738943,-3.3304214,-3.382987,-3.277894,-2.9323294,-2.634257,-1.9898221,-1.4096119,-1.358563,-1.3824186,-1.4797943,-1.5376067,-1.5869246,-1.6368402,-1.6631185,-1.7133929,-1.7589126,-1.7806243,-1.7934821,-1.8040361,-1.8297186,-2.0286753,-2.2811427,-2.7109203,-3.421373,-4.0494475,-4.348826,-3.9783092,-3.4335885,-3.001936,-2.6262603,-2.3789237,-2.2937407,-2.2470963,-2.2315693,-2.3966537,-2.389974,-2.393611,-2.5285356,-2.6013396,-3.0489995,-2.8049483,-2.288972,-1.7337455,-1.4963856,-1.2971843,-1.0851448,-1.1439822,-1.0582823,-0.5743653,-0.71490186,-0.9237703,-1.0614,-1.005099,-1.0727202,-1.6327171,-2.0020735,-2.123865,-2.254279,-2.1363711,-1.6887572,-0.97660255,-0.63977593,-0.8093896,-1.244751,-1.4827363,-1.5846756,-1.628588,-1.625989,-1.4129121,-1.2802864,-1.0233732,-0.84229493,-0.6489762,-0.45506477,-0.5249454,-0.8002298,-1.4884198,-1.905879,-2.2387156,-2.5731356,-2.738443,-2.8400254,-3.0073028,-3.2200022,-3.3620095,-3.2792535,-3.181868,-3.3002744,-3.3201506,-2.944188,-2.0280733,-1.2535429,-0.72346604,-0.31327668,-0.15376315,-0.022533655,0.1350342,0.23363361,0.7777356,1.1623265,1.433061,1.0836301,0.5371904,0.32731727,0.24202728,0.27124932,0.34488243,0.3529865,0.33025572,0.23954141,0.0470565,-0.11713351,-0.19837733,-0.16933133,-0.0858714,-0.023348264,0.046954267,0.08768415,0.051381283,0.01205539,-0.08599305,-0.27290553,-0.6238888,-1.0832407,-1.5021262,-1.9359407,-2.2100077,-2.423348,-2.493212,-2.4601066,-2.53544,-2.7452168,-2.947448,-3.2935672,-3.4640749,-3.4750056,-3.4904485,-3.7648745,-3.9842148,-4.067352,-4.0254908,-3.9939723,-3.9388995,-3.9796596,-3.9910407,-3.944098,-2.8826678,-2.8849556,-2.8836577,-2.885238,-2.8823848
-4.826677,-4.744874,-5.118542,-4.623911,-4.58967,-4.620116,-4.65296,-4.672341,-4.6991744,-4.5699334,-4.3332267,-4.1104565,-3.8431864,-3.847374,-3.7955937,-3.4695704,-3.260428,-3.20089,-3.2275352,-3.2596078,-3.3291352,-3.3725939,-3.4344606,-3.4874578,-3.5745916,-3.6652246,-3.8300056,-3.9872022,-4.1013994,-3.9821362,-4.043478,-4.695533,-4.943456,-5.207461,-5.1633186,-4.945489,-4.8731155,-4.7948723,-4.185343,-3.897237,-3.6589267,-3.5700157,-3.5231338,-3.3496118,-2.8085797,-2.5913863,-2.4699073,-2.268026,-2.2298064,-2.5881453,-2.7223418,-2.5718608,-2.5035074,-1.9751931,-1.8179357,-2.0604846,-2.1873937,-2.260295,-2.3729966,-2.405645,-2.0508196,-1.532145,-0.32561105,0.33886564,-0.24211106,-0.6270485,-0.845003,-0.8668593,-0.8300121,-0.8195182,-0.84020257,-0.97768295,-1.0370867,-1.0368747,-0.22792658,-0.66916287,-1.7413757,-2.0424075,-2.2326221,-1.9783432,-1.6699278,-1.2207246,-1.0603092,-1.0163803,-1.0482647,-1.1786197,-1.6808131,-2.0565355,-2.4715724,-2.9306784,-3.2158008,-3.2319736,-3.0693157,-2.9469585,-2.6992512,-2.5433245,-2.4105594,-2.4689322,-2.6229038,-2.7649841,-2.826261,-2.93504,-2.6047423,-2.1791022,-2.075368,-1.9966486,-1.7807012,-1.5596228,-1.8415431,-2.1410608,-2.358225,-2.4375813,-2.2688365,-2.0272667,-1.4084188,-0.9306301,-0.62677646,-0.6939469,-0.6713726,-0.65053743,-0.766377,-1.1363004,-1.5548944,-1.7702968,-1.9302468,-2.1845305,-2.461199,-2.335614,-2.7359529,-2.8097274,-2.6752987,-2.5555837,-2.1391444,-1.857512,-1.9830524,-2.303329,-2.4882472,-2.5861375,-2.4482875,-2.2402437,-2.167039,-1.9339623,-1.829801,-1.7269337,-1.7734239,-2.3547294,-2.830708,-3.2683656,-3.532209,-3.535407,-3.5561762,-3.4973865,-3.249299,-3.069166,-2.8250809,-3.001928,-3.2320592,-3.2179396,-3.165299,-3.0519223,-3.0123174,-3.000635,-3.083165,-3.080491,-3.0840168,-3.062355,-3.1228523,-3.1953778,-3.3302643,-3.4547305,-3.6998143,-4.0305777,-4.5998244,-5.098666,-5.1533647,-5.491319,-5.5429907,-5.4685245,-5.434765,-5.400977,-5.411762,-5.3887167,-5.292548,-5.1767044,-4.9554334,-4.8028297,-4.583129,-4.2797294,-4.139873,-4.1864605,-4.2411203,-3.9603062,-3.9628696,-3.876531,-3.6887498,-3.2963047,-2.858615,-2.8016267,-2.3722687,-2.2017272,-2.2380216,-2.298166,-2.0395198,-1.7263074,-1.5151705,-1.5022857,-1.3698502,-1.2660675,-1.4664254,-1.4236114,-1.1812637,-0.99908876,-1.0953362,-1.6654103,-1.9877954,-2.2110612,-2.557798,-2.9115064,-3.4668074,-3.5902917,-3.636165,-3.8366556,-4.0004635,-3.901521,-3.660309,-3.5143442,-2.8523808,-2.2926714,-2.0846043,-1.9302516,-1.853878,-1.8919499,-2.034047,-2.2128315,-2.513874,-2.930759,-3.2008927,-3.2777123,-3.59025,-3.8857107,-3.894917,-3.50624,-3.0825253,-2.9588604,-2.0856857,-0.83439755,0.763673,2.7858233,5.8719606,7.2214622,8.38994,9.074185,9.250074,9.278975,9.364056,9.512586,9.596281,9.746807,9.834534,9.88011,9.909712,9.87517,9.78956,9.752052,9.675587,9.583814,9.499254,9.406648,9.111547,8.703536,7.9755754,7.566147,6.6581264,5.672427,4.5670424,2.5349488,0.26456374,-1.6436431,-2.2277706,-2.3675992,-2.7639232,-3.1164536,-3.4158363,-3.603606,-3.5842526,-3.6866965,-3.7952428,-3.9154296,-4.076416,-4.2165995,-4.360783,-4.435655,-4.425402,-4.4813128,-4.4708734,-4.515484,-5.117999,-5.116178,-5.1171618,-5.1163816,-5.1182375
-2.2418833,-2.3236408,-1.5824666,-2.4127326,-2.4393,-2.4860373,-2.5119965,-2.5949833,-2.2522955,-1.3875333,-1.1969875,-1.1428058,-1.1984878,-1.379739,-1.7680024,-1.78294,-1.8726315,-1.9974631,-2.0498455,-2.11229,-2.1727037,-2.2286668,-2.2852752,-2.3651469,-2.4616604,-2.6294093,-2.8566625,-3.1450198,-3.2191072,-3.0094118,-2.5760624,-2.2508802,-2.2977452,-2.3809075,-2.308829,-2.2660856,-2.6184795,-3.1130285,-3.3275123,-3.5523582,-3.451201,-3.4084218,-3.3666205,-3.1985917,-3.2179115,-3.325388,-3.4708128,-3.54213,-3.0742493,-2.4145741,-2.2594998,-2.1706095,-2.1687326,-1.5295663,-1.3887877,-1.7470889,-2.0791864,-2.3906598,-2.6590886,-2.744823,-2.7891207,-2.7800033,-1.9391388,-0.98109114,-0.9329709,-1.3286222,-1.4608548,-1.3809628,-1.285013,-1.1635845,-1.0763115,-1.1804378,-1.518441,-1.6458869,-1.2702552,-1.9196701,-3.2292836,-3.5905795,-3.1330078,-2.1923652,-1.930011,-1.8203632,-1.7435162,-1.721437,-1.757968,-1.8843762,-2.5247552,-3.0649595,-3.2736268,-3.4261672,-3.3070338,-3.1707258,-3.0544274,-2.9910052,-2.9392152,-2.9767537,-3.0174177,-3.2326493,-3.4939504,-3.5189695,-3.4027534,-3.4619985,-3.5596626,-3.5833087,-3.6323667,-3.621539,-3.5042284,-3.7202787,-4.4378996,-4.761071,-4.7059374,-4.505932,-4.5351963,-4.302742,-3.2955213,-2.806014,-2.5643883,-2.5603633,-2.619597,-2.506472,-2.2251747,-2.0752492,-2.184477,-2.3628292,-2.5534644,-2.8047364,-2.7868178,-2.8413765,-3.1103685,-3.075852,-2.9388018,-2.6556292,-2.4541092,-2.451085,-2.306612,-2.2176156,-2.1478124,-2.1001365,-2.0231302,-1.8631811,-1.7294979,-1.6323173,-1.7893667,-2.0340686,-2.3495715,-2.7379217,-2.762457,-2.9176424,-3.1987844,-3.3948092,-3.4886372,-3.6637702,-3.5067472,-3.1176536,-2.4083786,-1.3089857,-0.07917538,0.2634774,0.4397147,0.62335503,0.6934465,0.64333725,0.5915751,0.5580229,0.52259386,0.50655514,0.38119623,0.21603724,0.1497565,0.09606929,-0.14646529,-0.44644892,-0.77048814,-1.209202,-1.3979862,-1.639221,-2.0856068,-2.1441798,-2.1753347,-2.4816158,-2.8445446,-2.9627297,-3.0636425,-3.0106149,-3.265648,-3.3100119,-3.3952224,-3.5491745,-3.413975,-3.3393028,-3.4649673,-2.9156082,-2.6713748,-2.7657614,-2.7363982,-2.8525846,-3.042233,-2.9914446,-2.453278,-2.397872,-2.493959,-2.6771946,-2.3221412,-2.3235621,-2.6802819,-2.957678,-3.1103163,-2.925181,-2.5649664,-2.1630206,-1.7447944,-1.5368705,-1.7046819,-2.131094,-2.428475,-2.587009,-2.686673,-2.7131329,-2.3789973,-1.5860779,-1.3755956,-1.4069917,-1.4446733,-1.6709027,-1.4564574,-1.6664405,-2.1413035,-2.2925835,-2.5768216,-2.7361493,-2.8167903,-3.016399,-3.2160926,-3.2113805,-3.0799737,-2.8481717,-2.6743038,-3.147624,-3.896974,-4.1719866,-3.8681722,-3.5237422,-3.4508576,-3.0802765,-2.7230885,-2.5237327,-2.41417,-2.6997454,-2.4956577,-2.4276562,-2.4494877,-2.826148,-3.1338913,-3.2443197,-3.231108,-3.1458044,-3.0900517,-3.0390413,-3.0168498,-3.0253468,-3.0376906,-3.029056,-3.0064507,-2.9021347,-2.7919514,-2.6532273,-2.5328865,-2.47493,-2.4077842,-2.2302184,-2.1202254,-2.1928048,-2.103241,-2.0499012,-2.0965729,-2.0202491,-1.8150376,-1.6668177,-1.5632851,-1.6912918,-1.6410985,-1.4568346,-1.2680637,-1.4163895,-1.6012998,-1.5368481,-1.3971364,-1.4359044,-1.6145346,-1.621943,-1.6023887,-1.5805402,-1.4762032,-1.586587,-1.6204255,-1.635366,-1.5822399,-1.5828876,-1.5825422,-1.5832369,-1.5822468
-0.00074377656,-0.6354371,-0.30055717,-1.3210797,-1.4313005,-1.2760028,-1.2500756,-1.0375966,-0.44848096,-0.2224907,0.020014554,0.31426266,0.15489563,0.040756553,0.4029035,-0.23939548,-0.7640557,-0.93240976,-0.89975846,-0.8095862,-0.6893459,-0.63352615,-0.54800564,-0.5575388,-0.47975564,-0.40810937,-0.0017873943,1.369205,4.313156,6.4463367,9.3055,10.014191,9.768772,9.408711,9.027586,8.696212,8.340218,8.224543,7.7289524,6.9525795,6.624901,6.646398,6.656323,6.4044247,3.4740167,1.8534552,0.5773183,0.030117184,-0.21387795,-0.023880333,0.030134201,0.0972895,0.28103316,0.30314696,0.44731122,0.35830742,0.2949207,0.254959,0.041114032,-0.14062035,-0.17447078,-0.14565226,0.10726869,0.2919258,0.39349583,0.35835865,0.48059255,0.5444513,0.58814716,0.6421032,0.63499546,0.5727556,0.60850793,1.1347622,1.1435214,1.2474457,1.6079282,1.1158924,-0.11783248,0.1650789,0.42102852,-0.23251656,-0.42418343,-0.39077497,-0.19129148,-0.004236102,0.28833407,0.7839586,0.8484979,0.40208653,-0.25704375,-0.535349,-0.83093125,-1.0297279,-1.2477883,-1.3458141,-1.2563083,-1.0925453,-0.7793641,-0.15246682,-0.25853363,-0.33519042,0.071306646,1.0846119,1.7845209,1.7003186,1.3878613,0.76025283,0.3850794,0.521067,1.2280505,1.990861,1.4964201,0.69344497,-0.10748918,-0.70330834,-0.97051024,-0.6615451,-0.2733383,0.4868429,0.7317393,1.027311,1.2367533,1.397262,1.6868556,2.9661531,6.1519217,9.54649,11.33972,11.469299,10.796486,9.427643,7.6048355,6.260807,5.6561947,5.486476,5.312306,4.594984,3.0531716,1.4673853,0.40844357,-0.22438747,-0.5043972,-0.64486295,-0.5236366,-0.12603152,-0.12617356,-0.03597746,0.999942,2.7402217,3.1658106,2.1405826,0.89274293,0.73020744,0.6772003,1.4424527,1.5352805,1.1640598,0.84534955,0.4221304,0.21774042,0.11008367,0.13464558,0.12014544,0.013395533,-0.057662137,0.08191145,0.20401435,0.2639867,0.30108982,0.45378178,0.5606003,0.5061945,-0.22902177,-0.7820375,-0.87930226,-0.7977535,-0.71947956,-0.5297736,-0.020569652,0.851879,1.1073741,1.2445724,1.3518033,1.0486966,1.0122203,0.94000566,0.6540494,0.4820918,0.47231913,3.6265388,8.027475,10.105379,10.802652,11.02438,10.925742,9.419693,6.6496534,3.8705416,2.7853463,2.4500062,2.356797,1.3615237,-0.021549523,-0.72452927,-0.69769275,-0.74400127,-0.8594484,-0.8009852,-0.6814605,-0.37561482,-0.118145466,0.0959591,0.48599908,0.5913224,0.78677475,1.1403148,1.6092155,1.999347,1.5429578,1.1621745,1.6251088,2.5163925,3.3048038,3.034993,2.7634761,1.6139112,0.78377736,0.41629356,-0.029115811,-0.29286095,-0.45544407,-0.91135776,-1.4751717,-1.8897367,-2.0050452,-2.0465746,-1.9646355,-1.1897185,-0.19854268,0.51934576,-0.17941333,-0.6022729,-0.54686934,-0.11844975,0.18681419,0.3188964,0.2019425,0.11821008,0.19205779,0.2721848,0.29166692,0.19546497,0.26232123,0.36882722,0.4511048,0.51989496,0.5298827,0.47420314,0.46248165,0.41757303,0.4569164,0.58717024,0.74694,0.93968993,1.0599766,1.0978326,1.1011096,1.1303396,1.2579882,1.4281799,1.3628157,1.3945106,1.2438735,0.9468706,0.79298836,1.208042,1.8304813,2.2062032,2.6672592,2.7744434,2.4090424,1.8741904,1.2729377,0.9505633,1.0533023,1.0278004,0.10932247,-0.41774642,-0.5009348,-0.6298739,-0.7701032,-0.8605776,-0.76053345,-0.8182088,-0.8900741,-0.30116957,-0.30660132,-0.30357483,-0.3064572,-0.30061525
-0.67203695,-0.6006973,-0.80407315,-0.65446466,-0.60836446,-0.76652616,-0.89690405,-1.0762565,-1.5919378,-1.4559975,-1.2080567,-1.139311,-1.0128441,-1.3001742,-1.5922371,-1.2521031,-0.9777575,-0.9497194,-1.0040982,-1.0433629,-1.0921654,-1.0846124,-1.0743457,-1.1510818,-1.238481,-1.3745301,-1.6157867,-1.9087445,-1.914568,-1.9500501,-1.9161243,-2.6985025,-2.6449533,-2.149426,-1.2512326,-0.4084236,-0.3475855,-0.08668555,-0.58588886,-0.77038515,-0.47389254,-0.5184561,-0.627765,-0.93380034,-0.7132644,-0.24570394,0.31864458,0.6392228,0.12953475,0.041207135,0.09745245,0.16034004,0.12540288,-0.12899108,-0.44407287,-0.29402417,-0.053994615,-0.065802865,-0.046951115,0.035227746,0.33845773,0.75309014,0.74403846,0.82154864,1.7035146,2.3314648,2.5001945,2.5210767,2.4712193,2.4396834,2.3939867,2.3104336,2.1114485,1.5939345,0.5895575,-0.8203626,-1.1409366,-1.2042463,-0.74408436,-0.9883912,-1.086964,-0.76524746,-0.61446166,-0.5934491,-0.7190447,-1.0675291,-1.4294479,-1.7562163,-2.1742191,-2.543108,-2.7081356,-2.6518188,-2.5319734,-2.3018637,-1.8659736,-1.4709194,-1.1135061,-0.7583845,-0.53293455,-1.1187207,-1.5860577,-1.8148935,-1.969515,-2.0936205,-2.1445706,-2.12572,-2.1664076,-1.9401194,-1.5651445,-1.561368,-1.6608336,-1.5861814,-1.3226987,-1.0471001,-0.84451157,-0.53912085,-0.05884376,0.33967862,0.7778419,0.96071863,0.7940036,0.6745386,0.8600418,1.0808754,1.1889873,1.0390351,0.44516805,-0.3946611,-0.9887606,-0.56914186,0.33785337,0.85544646,1.5336623,1.5994099,1.1468949,0.7981299,0.7058908,0.5348097,0.32102436,0.071249895,-0.06897186,-0.11947733,-0.13465586,-0.18074101,-0.37162495,-0.7617964,-1.3937232,-2.207655,-2.4457736,-2.518844,-2.4916396,-1.9949808,-1.1839074,-0.81018245,-0.5811329,-1.5904037,-2.1987965,-2.1984015,-2.129293,-1.9638808,-1.9136986,-1.9066318,-1.9347688,-1.9035486,-1.8279618,-1.7601821,-1.8379545,-1.9011822,-1.87971,-1.9161651,-1.974074,-2.127857,-2.4097815,-2.0528607,-1.4746864,-1.2838954,-0.88683426,-0.828295,-0.90634865,-1.3022686,-1.738732,-1.6453905,-1.6416664,-1.5939977,-1.4707611,-1.4668331,-1.3776283,-1.0618143,-0.96730494,-0.7916879,-2.1920433,-2.2234066,-1.8001945,-1.8804269,-2.0967765,-2.5680268,-2.5540583,-2.3640072,-2.169165,-1.7890837,-1.6307114,-1.6413773,-1.6970379,-0.9729582,-0.2509706,0.19895594,0.5217751,0.74765563,0.7461742,0.57942283,0.07780568,-0.34984148,-0.7470136,-1.3706877,-1.6491853,-1.7777848,-2.0200443,-2.305132,-2.8153615,-3.1040716,-3.1797614,-3.6225395,-4.0784044,-3.3855605,-2.681648,-2.261011,-1.8107425,-1.596051,-1.5539546,-1.545656,-1.601548,-1.5463599,-1.3359885,-1.2461426,-1.3724298,-1.5381036,-1.7417996,-1.5834599,-1.6024072,-1.9826686,-2.509276,-2.3217928,-1.5563169,-1.1867602,-0.50340647,0.015786286,0.52006817,0.62435985,0.8175044,0.95405924,1.0351441,1.0387108,1.033472,0.8168388,0.5383453,0.33785048,0.15643817,0.08040711,0.050455123,-0.042289406,0.035185844,0.079208285,0.16361868,0.17583096,0.14711079,0.14223641,0.119636446,0.09151462,-0.011806816,0.00056782365,-0.13276148,-0.2614597,-0.30088592,-0.19990504,-0.09976055,-0.22854547,-0.5785657,-0.7861208,-0.9166473,-0.982359,-1.0220333,-0.99230254,-0.85933113,-0.53389984,-0.25477314,-0.27011585,-0.41178834,-0.41808712,-0.5156548,-0.5211836,-0.5548729,-0.5052629,-0.4707833,-0.4934701,-0.45272836,-0.44515327,-0.8035443,-0.79966795,-0.8018595,-0.7993395,-0.80402976
-0.5231518,-0.5258011,-0.89190793,-0.4563012,-0.4874348,-0.59859496,-0.69887674,-1.1278507,-1.2467293,-0.32710475,0.098525144,-0.11609721,-0.34301603,-0.5609877,-0.9774836,-1.5292711,-1.8071738,-1.9796376,-2.062792,-2.149159,-2.2148857,-2.2448459,-2.2906444,-2.3491113,-2.4228878,-2.5518072,-2.7762406,-3.2685432,-3.2784266,-2.78866,-0.7993821,-0.14526406,-0.50042874,-0.8084123,-1.3747094,-1.7641454,-1.5425045,-1.7054384,-1.1793894,-1.2230954,-0.96006954,-0.9095969,-0.8793261,-0.88316953,-1.1365936,-1.2553902,-1.0244974,-0.8103622,-0.43244088,-0.30226523,-0.92055404,-1.0216995,-0.92358285,-0.20625447,-0.029709727,-0.17270124,-0.33487633,-0.41555646,-0.5365305,-0.6034031,-0.73999786,-1.0947844,-0.8590487,-0.23150599,-0.6263342,-1.4402446,-1.7842071,-1.8379331,-1.8222084,-1.7828317,-1.7635248,-1.8022268,-1.9225467,-1.7266471,-0.55638534,-0.536114,-1.2075108,-1.2753196,-0.55777407,0.05358033,-0.10167671,-0.5798046,-0.7984638,-0.8553766,-0.82722527,-0.6400989,-0.9443351,-1.388242,-1.6431249,-1.5474272,-1.0495741,-0.833317,-0.74262404,-0.7437537,-0.9460052,-1.416189,-1.8851182,-2.1977606,-2.3432426,-1.9247761,-1.6081363,-1.8688009,-2.3552432,-2.689919,-2.8609357,-2.637992,-2.4159184,-2.1804907,-1.7295495,-1.0404522,-0.6234129,-0.7124581,-0.55926263,-0.8930011,-0.8792677,-0.92629814,-1.0828725,-1.2600703,-1.472537,-1.7230814,-1.6494232,-1.6558826,-1.6737137,-1.7738376,-1.9399755,-2.2240624,-2.3292155,-1.7288262,-1.087477,-1.0982075,-1.2292879,-1.5455385,-1.8479542,-2.0190868,-1.9185175,-1.73746,-1.7226744,-1.7942159,-1.8407277,-1.6241372,-1.3400818,-1.1989884,-1.26998,-1.3690273,-1.4855525,-1.5535916,-0.92292833,-0.65166026,-0.96058327,-1.4545224,-1.3844082,-0.23421201,2.0872989,4.1009836,7.0264583,9.305805,10.633506,10.986337,11.136166,11.218234,11.247269,11.258257,11.279224,11.255383,11.280964,11.309036,11.304967,11.313908,11.258174,11.2336235,11.103163,10.852332,10.274233,8.59982,7.049653,4.509274,1.675544,0.6799928,-0.0019513927,-0.95169866,-1.8555152,-2.1561446,-2.2096553,-2.1380734,-2.0511553,-2.092011,-2.267585,-2.530285,-2.4567256,-1.4512305,-0.8609157,-1.3318021,-1.3679097,-1.3740184,-1.317739,-1.3081117,-1.7319155,-1.5014983,-0.98797774,-0.89606845,-0.8959931,-1.0186085,-0.89329386,-1.1976581,-1.2706678,-1.2044668,-1.1250868,-1.1575105,-1.1982297,-1.2543161,-1.1500484,-0.8593597,-0.505007,-0.5676719,-0.93505764,-1.205636,-1.332219,-1.3475657,-0.75277615,0.29439586,0.90067875,0.7123728,-0.15079477,-1.6445737,-1.9491477,-1.9318786,-1.8213234,-1.4849954,-1.4444818,-1.29983,-1.3304954,-1.6983876,-1.9360816,-1.8377409,-1.5308454,-1.2107083,-1.0358788,-1.71732,-2.439045,-2.6970341,-2.4697104,-1.9644403,-1.7236564,-1.5820761,-1.4213743,-1.1510005,-0.95361173,-1.0136027,-0.9813587,-0.92664516,-1.0772492,-1.5785187,-2.0251744,-2.1889575,-2.1908257,-2.121891,-2.043397,-1.9739996,-1.9169835,-1.856843,-1.8205066,-1.7691863,-1.6611468,-1.4679072,-1.3533616,-1.2640277,-1.2304708,-1.2479508,-1.2510448,-1.175545,-1.0727448,-0.9875226,-0.9948696,-1.1513475,-1.4614124,-1.9151942,-2.2491663,-2.147459,-1.9545455,-2.0225885,-2.0787349,-1.6909266,-1.0805855,-0.7429152,-0.9344972,-0.97743714,-0.99866945,-1.0708358,-0.9056226,-1.013314,-1.0579401,-1.0087824,-1.1001223,-1.1412915,-1.0439477,-1.0121335,-0.8926928,-0.89609873,-0.8940389,-0.8955977,-0.89226496
-0.52324766,-0.55789566,-1.6973388,-0.6605298,-0.6193186,-0.58889645,-0.49193197,-0.29323953,0.08671814,0.13075715,0.484726,0.82967776,0.69424254,0.8404613,0.81319594,1.2918733,1.4415404,1.4462768,1.3961436,1.4085395,1.4330947,1.3854575,1.3938694,1.4541688,1.4775277,1.5360979,1.5290158,1.297704,0.72901624,-0.022684202,-0.62051606,-1.515293,-1.7926915,-1.6065046,-1.2842053,-0.68525875,-1.0266566,-1.0134642,-1.1136346,-1.0458689,-0.9961035,-1.0007324,-0.9630207,-0.7965749,-0.2811256,0.6341475,2.3946323,4.125884,3.784393,4.0767856,4.714959,4.5255566,4.257619,3.3171215,2.8829086,2.730522,2.761913,2.4710314,1.8660691,1.5376754,0.6576769,0.54251504,0.9266236,-0.31023043,-0.7517446,-0.03167823,0.44012827,0.7408503,0.877972,0.9856746,1.0697036,1.2250752,1.6302946,1.4062347,0.6411614,0.0622707,1.6605958,4.152922,8.36396,10.258714,11.327017,11.479126,11.02429,10.371435,9.545319,8.186751,5.0467505,2.6680737,2.3270714,2.96883,5.0386887,5.925068,6.816307,7.438737,8.307786,9.161706,9.814634,10.1315,10.2474375,9.867207,9.046847,8.314151,7.0460424,5.189801,4.2167854,4.1265674,3.1889093,1.1271949,1.1904167,1.3609922,0.8883222,0.26283526,0.06009847,-0.0733154,-0.49348095,-0.9719845,-0.9152769,-0.54792327,0.09426546,0.61697114,0.39005512,-0.0008892715,0.487412,1.1156845,1.4693478,1.54808,1.0026758,0.12488883,-0.98679304,-0.6812135,0.37991667,1.1927676,1.8305929,1.6766794,1.0122323,0.500134,0.5431883,0.6760875,0.7513705,0.54256916,0.22457263,0.07544926,0.09984881,0.2523657,0.3916516,0.42706335,0.22149399,0.1005469,0.07846367,0.047594607,-0.08844678,-0.04004118,0.29683465,0.44709602,0.7393527,0.56779104,-0.10873638,-0.107899606,-0.09900555,-0.08531617,-0.13905108,-0.262614,-0.31556344,-0.3461526,-0.38000375,-0.3612718,-0.38910812,-0.41170812,-0.4279402,-0.36778453,-0.22081956,-0.13201284,-0.54650754,-1.1840057,-1.4487149,-1.2794582,-0.8452182,-0.6153619,-0.3474236,0.048854485,0.36512113,0.3096284,0.44046453,0.4198235,0.937749,1.0772357,1.3574893,1.6859456,1.657765,1.6751561,1.263603,-0.03841838,-0.27423498,-0.386593,-0.71547765,-1.0303327,-0.38819963,-0.20942275,-0.30995023,-0.23032856,-0.12671526,-0.17079113,-0.7511388,0.09132354,2.577013,5.0417433,7.9506226,10.177896,11.545929,11.78907,11.316484,10.365459,8.772791,5.8567333,4.183393,3.297152,2.3864148,1.6623433,0.38607028,-0.30826116,-0.060838684,-0.19539593,-0.12617433,0.81520975,1.4473152,2.0656347,2.905384,2.1910784,1.6325614,1.271021,1.2751132,1.560198,1.5295302,1.3212506,1.1137388,0.933023,0.8581572,0.8577982,0.8453976,0.3062861,-0.6099317,-0.94020873,-0.5638092,-0.77019536,-1.0164245,-0.93190897,-0.7625568,-0.4727827,-0.41927594,-0.8370068,-1.3592243,-1.528871,-1.5181291,-1.4965198,-1.5847521,-1.6310308,-1.623067,-1.4823732,-1.3775637,-1.2286271,-0.9368921,-0.5900954,-0.30482012,-0.14295726,-0.07002799,-0.002981484,0.071183324,0.16856435,0.25377217,0.2678954,0.050071683,-0.05421754,-0.3116157,-0.5294186,-0.698615,-0.9866801,-1.6022241,-1.99873,-2.120243,-2.008996,-1.9247974,-2.035942,-2.3250518,-2.1984751,-1.9598389,-1.8910333,-1.929867,-1.444315,-1.1650287,-1.0472987,-0.8836875,-0.8769274,-0.82203853,-0.78547496,-0.8178991,-0.7841388,-1.6971129,-1.6944504,-1.6959581,-1.6944003,-1.697285
-0.58778197,-0.59520686,-1.4373873,-0.61106026,-0.57734364,-0.69398165,-0.7032562,-0.7401246,-0.5572782,0.22213437,0.59064627,0.61357284,0.742981,0.75022614,1.1070676,1.6648889,1.9078038,1.9776751,2.091768,2.0999494,2.075423,2.0990934,2.0214076,2.0452754,2.093876,2.1094744,2.1454704,2.0721188,1.5670729,1.1993724,1.3426156,2.4447937,2.366899,2.2289608,1.9100432,1.5643157,1.3928264,1.3984569,1.2971733,0.91350627,0.9755241,1.1493306,1.3691428,2.1509295,3.4309669,3.6824818,3.342413,2.5646844,1.8796835,2.741987,3.435859,3.5191114,3.5933776,2.8944936,2.4292037,2.4202461,2.5169554,2.7792869,3.0282452,3.1419592,3.3683515,3.5037522,2.8247414,1.6117926,1.8427347,2.4639628,2.809097,2.8425944,2.77144,2.6870146,2.6601195,2.7310224,2.6704235,2.0834255,1.7370346,2.8710358,3.8291874,3.4715571,2.2753544,2.290813,3.4721098,4.0616097,3.8198566,3.3550718,2.9566436,2.677979,2.9896405,3.1011305,2.6403804,2.0667548,1.639351,1.6574132,2.0488188,2.2637506,2.4862728,2.683027,3.1367164,3.4830618,3.5439014,3.121099,2.5958571,2.5843344,3.0354614,3.4347625,3.0998554,2.7892694,2.5674877,2.111683,2.2151406,2.8416471,3.611208,4.0414886,3.9878378,3.2257464,2.4535275,2.9915838,3.7702317,4.186699,4.2869782,3.9258091,3.143455,2.6822786,2.7958317,3.0966387,3.2049034,3.164233,2.4845648,2.1263611,3.3061829,3.432136,2.80319,2.3000891,2.80105,3.104012,3.1060312,2.7182724,2.4218712,2.2896945,2.2451303,2.0061061,1.7290754,1.7019571,1.8615794,2.112949,2.3860254,2.6040227,2.4789586,2.767312,3.4343686,4.219741,4.3200893,3.8294945,3.2691462,3.0422115,2.756723,3.6132393,4.8445253,5.429083,5.7254453,5.991625,6.124466,6.2053165,6.198965,6.210325,6.263061,6.2751875,6.234182,6.1932125,6.1497827,6.0769753,5.957677,5.7647834,5.030075,2.5801797,0.8339528,-0.14656234,-0.6867616,-0.6858082,-0.62126523,-0.4708447,-0.32779598,-0.21361898,-0.041403785,0.10762823,0.17648342,0.12219903,0.0915413,0.12025754,0.10100018,0.5406517,1.8591093,2.2257586,2.1095803,2.2848523,2.3468773,2.405658,2.7075112,3.3415735,3.7735617,3.6952157,3.1944945,2.7736807,2.382043,3.9234047,4.2536783,3.912145,3.201736,2.9212606,3.6342216,4.1946073,4.1812925,3.6334043,3.2491426,3.642312,3.8878288,3.8672552,3.6094418,3.1088476,1.9081947,0.4155756,0.089200094,0.093334496,0.6124146,1.6487341,1.6791626,1.4235338,1.1773409,1.0832405,1.1757857,1.3666812,1.6127958,1.9339252,2.2214303,2.2108285,2.0719483,1.7086774,1.205547,1.2749747,1.6545051,1.5066288,0.8529304,0.8546,1.5760691,1.8426449,2.6811426,3.5497117,3.8738608,3.5925913,2.8996716,2.5391438,2.5676007,2.9157882,3.1980305,3.2366242,3.2419314,3.2352943,3.1988049,3.1941252,3.2345352,3.2362554,3.250926,3.2521367,3.185205,3.0768495,2.9456902,2.7683303,2.623579,2.5382938,2.3688526,2.2029715,2.0363905,1.9900247,1.9513042,2.0880916,2.409093,3.1050687,3.6966224,3.9477372,3.8815827,3.718891,3.5463958,3.1259718,2.5520084,1.7624758,1.4301279,1.2225623,0.76540065,0.032366335,-0.28421015,-0.5067584,-0.6810115,-0.81352973,-0.8721621,-0.86833364,-0.8368299,-0.8841296,-1.437287,-1.4350934,-1.436466,-1.4347591,-1.4376633
-5.5706434,-5.571566,-4.4870515,-5.551139,-5.5461802,-5.5487313,-5.554449,-5.5789824,-5.274925,-4.754376,-4.0677614,-3.5060859,-3.2557304,-3.273681,-3.3633816,-3.4776402,-3.6710815,-3.7940407,-3.8692493,-3.875638,-3.9257226,-3.9728546,-3.996903,-4.0827436,-4.1924906,-4.339646,-4.538935,-4.5596304,-4.2980795,-3.8576083,-4.3587055,-5.423567,-5.6495466,-5.890169,-6.088567,-6.1747665,-6.156185,-6.2038074,-6.3020716,-6.1931744,-6.017488,-5.9292145,-5.8667817,-5.671935,-5.2345095,-5.0739093,-4.94736,-4.6394005,-4.003419,-4.3533874,-4.802401,-4.727821,-4.6482663,-3.6397817,-3.3468757,-3.7757087,-4.0313635,-4.2160296,-4.3227525,-4.339782,-4.0151367,-3.7911277,-3.0000606,-1.8746508,-2.164764,-2.8907242,-3.2803211,-3.3005395,-3.2321744,-3.1641068,-3.1829681,-3.4001753,-3.5268216,-3.4281847,-2.958798,-3.847968,-4.7787848,-4.769739,-4.3215165,-3.8773625,-4.2118473,-4.1469364,-3.7995152,-3.4956832,-3.2675848,-3.1485395,-3.527938,-3.6572304,-3.7294478,-3.8567076,-3.9183192,-3.9476564,-3.95887,-3.936698,-3.8690171,-3.9681516,-4.2392015,-4.7354717,-5.140955,-4.9727573,-4.809783,-5.0230713,-4.9917316,-4.677517,-4.2622604,-3.9967782,-3.5803685,-3.1241927,-3.6339984,-4.062243,-4.169608,-3.9596052,-3.7629166,-3.448658,-2.793419,-2.8132477,-3.2779317,-3.7043748,-4.0434365,-4.1938467,-3.8893137,-3.7568045,-4.04817,-4.3186464,-4.4929833,-4.6550927,-4.450268,-4.446294,-4.8140087,-4.7601767,-4.541232,-4.152908,-4.090968,-4.185693,-4.1969657,-4.1619496,-4.1821623,-4.3683414,-4.5535874,-4.6453114,-4.73763,-4.7486725,-4.895755,-5.0779567,-5.2450533,-5.3615174,-5.2085934,-5.53844,-5.90128,-6.0387306,-6.0850334,-6.0633383,-5.867938,-5.482273,-4.96216,-4.87414,-4.7379737,-4.748553,-4.722665,-4.6577897,-4.597792,-4.585073,-4.6184645,-4.6430016,-4.641174,-4.633896,-4.705671,-4.765101,-4.860106,-4.9273076,-5.174933,-5.5214305,-5.8866115,-5.7866206,-5.46325,-5.6473093,-5.8239098,-5.7829967,-5.800997,-5.8970933,-6.0039854,-5.967081,-5.8573384,-5.800931,-5.6066494,-5.4947786,-5.26928,-5.09629,-4.817601,-5.2595835,-5.9825516,-5.142417,-4.5931883,-4.406623,-4.1926723,-3.966285,-3.9553342,-3.9692135,-3.425561,-3.2706485,-3.1931338,-3.1685262,-2.705647,-3.4932017,-4.283313,-4.66352,-4.657695,-4.5628014,-4.7406864,-4.671425,-3.927328,-3.1877499,-2.9302938,-3.2535067,-3.42118,-3.5137835,-3.654416,-3.7632966,-3.6381764,-3.1355295,-3.29518,-3.4422274,-3.5742345,-4.2896914,-4.4568343,-4.5898347,-4.8123703,-4.7557387,-4.7680516,-4.8000736,-4.843931,-4.961968,-5.201316,-5.2897167,-5.3383274,-5.192962,-4.957841,-5.1705523,-5.6358795,-5.7341332,-5.361655,-5.229084,-5.335488,-5.264558,-4.953641,-4.493054,-3.9911497,-3.4062095,-2.175046,-1.6773872,-1.4742596,-1.8359071,-2.2707,-2.4353766,-2.435877,-2.3739614,-2.338025,-2.2851985,-2.2488,-2.2390246,-2.2978199,-2.3935254,-2.5152125,-2.573072,-2.6027915,-2.595642,-2.5583258,-2.5242195,-2.5041616,-2.4920013,-2.6682124,-2.8834925,-3.2113283,-3.5105748,-3.7827358,-4.1717896,-4.4294844,-4.561779,-4.5409822,-4.6301026,-4.690036,-4.789049,-4.739873,-4.806592,-4.9276705,-5.0058775,-4.9803205,-5.143485,-5.2379804,-5.2917566,-5.3703294,-5.3124785,-5.305206,-5.3473644,-5.326535,-5.306693,-4.4869475,-4.4886756,-4.487585,-4.4892035,-4.4866896
